1801.58 1798.08 1801.19 1801.58 1794.67 1799.55 1642.29 1800.16 1801.59 1801.58 1800.51 1800 1801.24 1801.43 1799.35 1801.59 1801.58 1801.59 1801.58 1792.11 1801.58 1801.59 1800.67 1801.59 1800.38 1800.56 1801.56 1773.93 1722.11 1801.59 1801.31 1718.79 1685.01 1798.6 1800.52 1769.53 1801.59 1800.18 1749.06 1800.18 1801.58 1755.51 1801.59 1800.29 1800.53 1800.35 1800.05 1801.57 1801.58 1801.59 
386.239 437.17 490.085 490.293 575.288 577.457 789.031 815.024 1041.19 1041.52 1042.7 1043.66 1045.07 1046.89 1048.58 1052.09 1057.37 1078.67 1350.83 1354.35 1386.39 1424.48 1432.65 1433.9 1440.02 1450.78 1454.74 1462.3 1497.47 1642.29 1682.24 1685.01 1718.79 1722.11 1749.06 1755.51 1769.53 1773.36 1773.93 1792.11 1794.67 1798.08 1798.6 1798.95 1799.15 1799.35 1799.55 1799.69 1799.99 1800 
385.608 386.239 386.829 437.17 490.085 490.293 575.288 577.457 629.168 634.464 781.257 787.178 789.031 795.296 815.024 828.054 893.204 1028.16 1028.38 1035.26 1035.32 1037.21 1037.67 1039.13 1039.14 1039.71 1041.19 1041.52 1042.7 1042.87 1043.39 1043.6 1043.66 1045.07 1046.89 1047.43 1047.75 1048.58 1052.09 1057.34 1057.37 1078.67 1160.68 1275.71 1350.83 1354.35 1386.39 1424.48 1432.65 1433.9 
369.224 385.608 386.239 386.829 426.54 437.17 437.979 486.943 490.085 490.293 573.715 575.288 575.623 577.242 577.457 629.168 634.464 738.42 778.714 781.257 782.362 785.837 787.178 789.031 792.81 795.296 795.6 795.979 815.024 828.054 832.902 835.567 893.204 945.285 1028.16 1028.38 1035.26 1035.32 1037.21 1037.67 1039.13 1039.14 1039.71 1041.19 1041.52 1042.02 1042.28 1042.7 1042.87 1043.39 
369.224 374.875 377.073 384.106 385.608 386.239 386.829 426.54 437.17 437.979 486.61 486.943 490.085 490.293 572.915 573.715 573.96 575.288 575.623 577.242 577.457 577.773 577.863 578.08 585.752 586.188 586.862 629.168 634.464 738.42 778.714 779.183 780.901 781.257 782.362 782.425 784.783 785.814 785.837 786.205 787.178 788.512 789.031 789.368 791.574 792.81 795.296 795.6 795.979 797.146 
369.224 374.875 377.073 384.106 385.608 386.239 386.829 426.54 437.17 437.979 486.61 486.943 490.085 490.293 572.915 573.337 573.715 573.96 575.288 575.623 576.924 577.242 577.457 577.773 577.863 577.881 578.08 585.752 586.188 586.862 629.168 634.464 634.518 738.42 778.714 779.183 780.901 781.257 782.362 782.425 783.941 784.783 785.814 785.837 786.205 787.178 787.2 787.487 788.169 788.512 
369.224 374.875 377.073 383.868 384.106 385.608 386.239 386.829 426.54 433.21 434.241 437.17 437.979 459.529 486.61 486.943 488.796 490.085 490.127 490.293 567.708 568.372 568.993 572.486 572.915 573.337 573.715 573.96 575.288 575.623 575.812 576.924 577.242 577.457 577.773 577.863 577.881 578.08 578.506 585.752 586.188 586.862 587.66 587.671 628.547 629.168 634.464 634.518 635.054 736.478 
369.224 374.875 377.073 378.927 379.636 381.048 383.868 384.106 385.608 386.239 386.829 426.54 428.292 428.437 429.272 430.346 433.21 434.241 437.17 437.979 438.152 438.802 459.529 473.187 486.308 486.61 486.943 488.262 488.796 490.085 490.127 490.293 490.951 551.404 567.708 568.372 568.908 568.993 572.37 572.486 572.915 573.337 573.715 573.732 573.96 575.288 575.587 575.623 575.776 575.812 
369.224 374.875 376.967 377.073 378.927 379.636 380.131 381.048 383.868 384.106 385.608 386.239 386.829 426.54 428.292 428.437 428.926 429.272 430.346 433.21 434.241 437.17 437.979 438.152 438.802 459.529 473.187 486.179 486.308 486.61 486.943 488.262 488.796 490.085 490.127 490.293 490.536 490.951 551.404 567.708 568.372 568.908 568.993 572.08 572.37 572.486 572.647 572.915 573.337 573.715 
369.224 374.875 376.967 377.073 378.927 379.636 380.131 380.992 381.048 383.398 383.868 384.106 384.298 385.608 385.642 386.239 386.829 426.54 428.115 428.292 428.437 428.783 428.926 429.272 430.346 432.698 433.21 434.241 437.137 437.17 437.979 438.152 438.802 459.529 473.187 486.179 486.308 486.61 486.943 488.017 488.262 488.664 488.796 488.883 490.085 490.127 490.134 490.293 490.536 490.951 
237.174 369.224 374.875 376.967 377.073 378.927 379.636 380.131 380.992 381.048 383.398 383.868 384.106 384.298 385.608 385.642 386.239 386.829 425.122 426.54 426.828 427.868 428.115 428.292 428.437 428.759 428.783 428.926 429.272 430.346 432.698 433.21 434.241 437.137 437.17 437.979 438.152 438.802 459.529 473.187 486.179 486.308 486.61 486.943 487.107 488.017 488.262 488.664 488.796 488.883 
232.753 237.174 369.224 374.201 374.875 376.329 376.967 377.073 377.25 378.927 379.025 379.636 380.131 380.992 381.048 383.398 383.868 384.106 384.298 384.538 385.075 385.608 385.642 386.239 386.829 412.75 425.122 426.54 426.828 427.868 428.115 428.292 428.437 428.759 428.783 428.926 429.272 429.359 429.933 430.346 432.418 432.698 433.21 434.241 437.137 437.17 437.979 438.152 438.802 440.922 
232.753 237.174 324.571 365.06 367.964 369.211 369.224 372.499 372.988 374.201 374.712 374.875 376.329 376.967 377.073 377.25 378.927 379.025 379.394 379.439 379.636 380.131 380.992 381.048 383.398 383.868 384.106 384.298 384.538 385.075 385.608 385.642 386.239 386.829 412.75 425.122 425.268 425.827 426.54 426.828 426.93 427.868 428.115 428.292 428.437 428.759 428.783 428.926 429.272 429.359 
232.753 237.174 324.571 365.06 367.964 369.211 369.224 372.499 372.988 373.93 374.201 374.712 374.875 375.577 375.818 376.329 376.369 376.967 377.073 377.25 377.785 378.927 379.025 379.394 379.439 379.636 380.131 380.992 381.048 381.798 383.398 383.868 384.106 384.298 384.538 385.075 385.608 385.642 386.239 386.829 412.75 425.122 425.268 425.634 425.827 426.174 426.54 426.828 426.93 427.868 
232.055 232.753 237.174 324.571 349.844 358.356 365.06 367.964 369.211 369.224 371.254 371.498 372.499 372.533 372.988 373.93 374.201 374.712 374.875 375.577 375.818 376.329 376.369 376.638 376.851 376.967 377.073 377.25 377.255 377.785 378.285 378.927 379.025 379.394 379.439 379.602 379.636 380.131 380.992 381.048 381.798 383.398 383.868 384.106 384.298 384.538 385.075 385.608 385.642 386.239 
232.055 232.753 237.174 324.571 329.074 349.844 353.157 358.356 365.06 367.87 367.875 367.964 369.211 369.224 370.374 371.254 371.331 371.498 372.499 372.533 372.824 372.988 373.079 373.93 374.201 374.655 374.712 374.875 375.577 375.818 376.329 376.369 376.638 376.851 376.967 377.073 377.25 377.255 377.785 378.285 378.506 378.927 379.025 379.394 379.439 379.602 379.636 380.131 380.992 381.048 
232.055 232.753 237.174 324.571 325.444 329.074 349.844 353.157 358.356 364.092 364.969 365.06 367.87 367.875 367.964 368.103 369.021 369.211 369.224 369.232 370.272 370.374 371.254 371.331 371.498 372.499 372.533 372.824 372.988 373.079 373.93 374.201 374.313 374.33 374.655 374.712 374.875 375.577 375.818 376.303 376.329 376.369 376.638 376.851 376.967 377.073 377.25 377.255 377.785 378.178 
229.795 232.055 232.753 237.174 324.571 325.444 329.074 349.844 353.157 358.356 364.092 364.969 365.06 367.439 367.87 367.875 367.964 368.103 369.021 369.211 369.224 369.232 369.362 370.272 370.324 370.374 370.374 371.238 371.254 371.331 371.438 371.498 371.728 372.189 372.499 372.533 372.824 372.988 373.079 373.294 373.828 373.93 374.127 374.201 374.294 374.313 374.33 374.655 374.712 374.875 
229.795 232.055 232.753 237.174 237.966 324.571 325.444 329.074 348.807 349.844 353.157 358.356 364.092 364.512 364.969 365.06 366.469 367.439 367.87 367.875 367.964 368.103 369.021 369.211 369.224 369.232 369.332 369.362 369.959 370.272 370.324 370.374 370.374 370.672 371.058 371.238 371.254 371.331 371.438 371.498 371.728 372.189 372.4 372.499 372.533 372.824 372.988 373.079 373.294 373.828 
229.795 232.055 232.753 237.174 237.966 324.571 324.798 325.195 325.444 329.074 348.807 349.844 353.157 358.356 364.092 364.512 364.969 365.06 366.469 367.439 367.87 367.875 367.964 368.103 368.182 368.561 369.021 369.211 369.224 369.232 369.288 369.332 369.362 369.959 370.272 370.324 370.374 370.374 370.672 371.058 371.238 371.254 371.331 371.438 371.494 371.498 371.728 372.189 372.4 372.499 
229.795 232.055 232.753 237.174 237.828 237.966 322.01 322.09 324.571 324.798 325.195 325.444 326.43 326.82 327.578 329.074 348.807 349.844 353.157 358.356 364.092 364.512 364.969 365.06 366.469 366.735 367.439 367.87 367.875 367.964 368.103 368.182 368.561 369.021 369.211 369.224 369.232 369.247 369.288 369.332 369.362 369.768 369.959 370.272 370.324 370.374 370.374 370.672 371.058 371.238 
229.795 232.055 232.753 237.174 237.828 237.966 322.01 322.09 322.302 324.571 324.798 325.195 325.444 326.43 326.82 327.578 329.074 330.085 348.807 349.844 353.157 358.356 364.092 364.512 364.969 365.06 366.453 366.469 366.735 366.834 367.439 367.732 367.87 367.875 367.964 368.103 368.182 368.363 368.561 369.021 369.211 369.224 369.232 369.247 369.288 369.332 369.362 369.768 369.947 369.959 
229.795 231.075 232.055 232.753 237.174 237.828 237.966 322.01 322.09 322.302 324.571 324.798 325.195 325.444 326.408 326.43 326.82 327.578 328.171 328.542 329.074 330.085 330.432 348.807 349.844 351.297 353.157 358.356 364.092 364.512 364.969 365.06 366.453 366.469 366.695 366.735 366.834 367.439 367.732 367.87 367.875 367.964 368.103 368.182 368.363 368.561 369.021 369.211 369.224 369.232 
229.681 229.795 231.075 232.055 232.289 232.753 237.174 237.828 237.966 322.01 322.09 322.302 322.428 322.484 324.571 324.798 324.839 325.004 325.195 325.283 325.444 326.408 326.43 326.82 326.861 327.578 328.171 328.542 329.074 330.085 330.432 348.807 349.844 351.297 353.157 358.356 364.092 364.512 364.548 364.717 364.969 365.06 366.453 366.469 366.695 366.735 366.834 367.439 367.732 367.87 
228.511 229.681 229.795 231.075 232.055 232.289 232.753 237.174 237.828 237.966 252.946 256.275 257.496 263.177 322.01 322.09 322.302 322.428 322.484 324.571 324.798 324.839 325.004 325.195 325.283 325.444 326.408 326.43 326.82 326.861 327.578 328.079 328.171 328.542 329.074 330.085 330.432 348.807 349.844 351.297 353.157 358.356 364.092 364.214 364.512 364.541 364.548 364.717 364.969 365.06 
228.511 229.681 229.795 231.075 232.055 232.289 232.753 236.332 237.174 237.828 237.966 252.946 256.275 257.496 258.993 263.177 322.01 322.09 322.302 322.428 322.484 324.571 324.798 324.839 325.004 325.004 325.066 325.195 325.23 325.283 325.444 326.408 326.43 326.751 326.82 326.861 327.527 327.578 327.582 328.079 328.171 328.171 328.542 329.074 329.868 330.085 330.432 348.807 349.844 351.297 
228.511 229.681 229.76 229.795 231.075 232.055 232.289 232.753 236.332 236.341 237.174 237.828 237.966 252.946 256.275 257.496 258.993 260.346 261.227 263.177 322.01 322.09 322.302 322.428 322.484 324.571 324.783 324.798 324.839 325.004 325.004 325.066 325.195 325.23 325.283 325.444 325.824 326.408 326.43 326.751 326.82 326.861 327.527 327.578 327.582 328.079 328.171 328.171 328.542 329.074 
228.511 229.681 229.76 229.795 231.075 231.752 231.809 232.055 232.289 232.435 232.753 236.332 236.341 237.174 237.724 237.828 237.966 252.516 252.946 256.275 257.496 258.993 260.346 261.227 263.177 322.01 322.09 322.302 322.428 322.484 324.571 324.783 324.798 324.839 325.004 325.004 325.028 325.066 325.195 325.23 325.283 325.444 325.715 325.824 325.995 326.175 326.408 326.43 326.751 326.788 
228.511 229.681 229.76 229.795 230.174 231.075 231.752 231.809 232.055 232.289 232.435 232.753 236.332 236.341 237.174 237.724 237.828 237.966 251.921 252.516 252.946 256.275 257.496 258.993 260.346 261.227 263.177 322.01 322.09 322.302 322.428 322.484 324.571 324.783 324.798 324.839 325.004 325.004 325.028 325.066 325.195 325.23 325.283 325.411 325.444 325.715 325.824 325.995 326.175 326.408 
228.511 229.681 229.76 229.795 230.174 231.075 231.321 231.752 231.809 232.055 232.289 232.435 232.504 232.603 232.753 232.834 233.343 236.332 236.341 237.174 237.724 237.828 237.966 251.921 252.516 252.946 256.275 257.496 258.993 260.088 260.346 260.544 261.227 263.177 265.993 322.01 322.09 322.181 322.211 322.302 322.428 322.484 324.571 324.783 324.798 324.839 325.004 325.004 325.028 325.066 
228.511 229.681 229.76 229.795 230.174 231.075 231.196 231.321 231.752 231.809 232.055 232.289 232.435 232.504 232.603 232.753 232.834 233.343 236.332 236.341 237.174 237.724 237.828 237.966 242.173 243.756 244.759 251.921 252.516 252.946 256.275 257.496 258.993 260.088 260.346 260.544 261.227 263.177 265.993 322.01 322.09 322.181 322.195 322.211 322.302 322.428 322.484 324.571 324.783 324.798 
169.674 228.511 229.681 229.76 229.795 230.174 231.075 231.196 231.321 231.752 231.809 232.055 232.289 232.435 232.504 232.603 232.753 232.834 233.343 236.332 236.341 237.174 237.724 237.828 237.966 242.173 243.756 244.753 244.759 251.921 252.516 252.946 256.275 257.496 258.993 260.088 260.346 260.544 261.227 261.546 263.177 265.993 321.994 322.01 322.09 322.181 322.195 322.211 322.302 322.428 
169.674 228.511 229.681 229.76 229.795 230.174 231.075 231.196 231.321 231.752 231.809 232.055 232.06 232.289 232.435 232.504 232.603 232.753 232.834 233.343 236.332 236.341 237.065 237.174 237.724 237.828 237.966 242.173 243.756 244.753 244.759 251.921 252.516 252.946 255.991 256.275 257.496 258.993 260.088 260.346 260.544 261.227 261.546 261.713 263.177 265.993 321.994 322.01 322.09 322.181 
169.674 228.511 229.681 229.76 229.795 230.174 231.075 231.196 231.196 231.321 231.737 231.752 231.809 232.055 232.06 232.289 232.435 232.477 232.504 232.603 232.753 232.834 233.343 236.332 236.341 237.065 237.174 237.724 237.828 237.966 242.173 243.756 244.753 244.759 251.921 252.516 252.946 255.991 256.275 257.496 258.993 260.088 260.346 260.544 261.227 261.546 261.713 263.177 265.993 321.99 
169.674 228.511 229.681 229.76 229.795 230.174 230.929 231.075 231.196 231.196 231.321 231.737 231.752 231.809 232.055 232.06 232.219 232.289 232.435 232.477 232.504 232.603 232.753 232.834 233.343 236.332 236.341 236.644 236.667 237.065 237.174 237.724 237.828 237.966 242.173 243.756 244.753 244.759 251.921 252.516 252.946 255.991 256.275 257.496 258.513 258.993 260.088 260.346 260.544 261.227 
169.674 228.511 229.681 229.76 229.795 230.174 230.929 231.075 231.196 231.196 231.321 231.737 231.752 231.809 232.055 232.06 232.219 232.289 232.317 232.435 232.477 232.504 232.506 232.603 232.753 232.834 233.343 236.332 236.341 236.644 236.667 237.065 237.174 237.724 237.828 237.966 242.173 243.756 244.753 244.759 251.921 252.516 252.946 255.597 255.991 256.275 257.496 258.513 258.993 260.088 
169.674 228.511 229.681 229.76 229.795 230.174 230.929 231.075 231.196 231.196 231.321 231.737 231.752 231.809 232.055 232.06 232.219 232.289 232.317 232.435 232.477 232.504 232.506 232.603 232.753 232.834 233.343 236.332 236.341 236.644 236.667 237.065 237.174 237.724 237.828 237.966 242.173 243.756 244.753 244.759 251.921 252.516 252.946 255.597 255.991 256.275 257.496 258.513 258.993 260.088 
169.674 228.511 229.657 229.681 229.76 229.795 230.174 230.929 231.075 231.196 231.196 231.321 231.447 231.737 231.752 231.809 232.055 232.06 232.081 232.219 232.289 232.317 232.435 232.477 232.504 232.506 232.603 232.753 232.834 233.343 236.332 236.341 236.644 236.667 237.065 237.174 237.724 237.828 237.966 242.173 243.756 244.753 244.759 251.921 252.516 252.946 255.597 255.991 256.275 257.496 
