1801.58 1739.63 1801.19 1801.58 1720.25 1799.55 573.676 1800.16 1801.59 1801.58 1800.51 1800 1801.24 1801.43 1799.35 1801.59 1801.58 1801.59 1801.58 1668.76 1801.58 1801.59 1800.67 1801.59 1800.38 1800.56 1801.56 1372.46 1047.76 1801.59 1801.31 1044.47 819.076 1798.6 1800.52 1353.2 1801.59 1800.18 794.969 1800.18 1801.58 1075.16 1801.59 1800.29 1800.53 1800.35 1800.05 1801.57 1801.58 1801.59 
386.414 488.906 572.801 629.604 742.346 779.049 797.607 829.928 856.727 1027.18 1040.69 1041.52 1043.29 1046.56 1047.73 1048.31 1049.1 1049.39 1052.76 1056.74 1285.9 1353.18 1371.35 1431.65 1455.63 1458.48 1648.25 1681.08 1773.36 1798.3 1798.95 1799.33 1799.69 1799.98 1799.99 1800.02 1800.2 1800.85 1800.99 1801.06 1801.09 1801.21 1801.38 1801.49 1801.58 1801.58 1801.58 1801.58 1801.59 1801.59 
425.918 632.51 763.258 785.265 788.273 793.456 828.025 976.548 1038.17 1040.73 1044.71 1044.86 1047.59 1047.69 1048.33 1057.48 1057.59 1176.73 1281.01 1350.94 1392.13 1584.37 1669.49 1676.89 1745.39 1791.79 1794.29 1794.67 1799.17 1799.55 1799.68 1800.72 1800.87 1800.91 1800.97 1801.03 1801.31 1801.32 1801.52 1801.57 1801.58 1801.58 1801.58 1801.58 1801.58 1801.58 1801.58 1801.58 1801.59 1801.59 
576.269 578.114 783.847 789.03 794.928 795.06 817.457 826.959 859.989 978.439 997.689 1010.32 1038.65 1043.04 1043.79 1045.49 1052.39 1052.61 1053.32 1057.8 1059.09 1101.37 1252.8 1273.69 1398.08 1438.55 1465.11 1465.39 1497 1571.02 1644.61 1705.67 1763.62 1766.08 1767.29 1776.75 1788.93 1789.21 1793.63 1796.42 1800.03 1800.54 1800.67 1801.3 1801.38 1801.58 1801.58 1801.58 1801.58 1801.58 
424.656 427.444 490.656 570.994 577.903 580.795 587.395 780.561 783.44 797.394 801.702 811.355 819.185 820.063 905.407 1028.5 1029.83 1036.54 1043.15 1045.82 1047.74 1048.15 1049.3 1049.52 1050.59 1053.14 1056.97 1057.24 1057.79 1057.95 1059.08 1060.34 1159 1338.72 1350.04 1379.94 1718.55 1741.31 1748.05 1782.58 1789.94 1792.67 1797.75 1800.98 1800.99 1801.58 1801.58 1801.59 1801.59 1801.59 
386.063 579.02 781.278 783.064 788.598 790.384 795.771 826.953 827.153 977.218 1028.98 1030.12 1039.33 1040.54 1044.21 1044.58 1045.41 1046.94 1047.48 1048.3 1052.71 1053.37 1053.58 1058.01 1058.07 1058.49 1059.32 1162.72 1212.08 1272.08 1337.87 1351.57 1356.69 1425.88 1442.98 1492.78 1748.48 1753.81 1774.92 1785.25 1786.5 1792.84 1793.4 1796.05 1797.12 1798.94 1800.64 1800.86 1801.58 1801.58 
412.952 431.166 437.293 573.029 578.012 778.985 785.477 787.332 788.477 794.983 796.427 796.857 810.901 811.584 812.118 821.257 825.96 829.08 831.473 858.353 976.122 1037.88 1038.77 1041.11 1041.54 1044.41 1044.47 1045.88 1046.29 1046.52 1046.97 1047.13 1047.22 1049.28 1053.89 1058.43 1164.68 1337.17 1338.33 1382.78 1736.33 1740.78 1742.82 1767.63 1791.5 1797.2 1798.58 1799.36 1800.34 1801.58 
377.796 488.967 575.747 578.838 588.893 631.158 783.016 790.442 792.336 793.321 793.933 793.961 797.704 813.45 817.632 820.416 820.462 826.728 830.424 834.582 907.385 928.478 1028.48 1035.58 1038.65 1045.45 1045.54 1046.19 1046.53 1048.36 1048.5 1048.81 1048.85 1052.77 1052.86 1054.12 1058.14 1070.65 1271.33 1339.77 1349.64 1352.09 1584.82 1765.79 1766.94 1798.89 1799.85 1800.74 1801.37 1801.53 
492.089 538.656 576.005 576.45 576.724 578.46 632.415 789.112 794.1 795.225 796.668 799.691 812.143 817.501 817.672 818.805 820.476 826.554 931.782 976.774 1014.85 1028.1 1033.92 1034.92 1036.06 1037.33 1037.52 1038.16 1042.24 1044.8 1047.49 1057.59 1057.74 1057.9 1057.99 1058.04 1073.05 1254.71 1351.83 1575.95 1693.86 1799.5 1799.91 1800.28 1800.58 1800.95 1800.95 1801.21 1801.58 1801.59 
382.452 572.953 573.335 576.992 577.398 758.938 786.757 787.501 787.803 788.734 792.513 795.009 795.067 796.419 812.331 825.208 826.831 834.184 1034.51 1035.24 1036.32 1036.89 1037.4 1039.9 1041.94 1045.17 1052.27 1058.26 1099.49 1100.46 1336.93 1338.94 1338.95 1339.76 1350.68 1353.97 1438.05 1454.4 1573.38 1624.09 1725.11 1789.36 1792.39 1798.64 1799.49 1801.32 1801.58 1801.58 1801.58 1801.59 
378.362 487.535 492.184 579.31 787.925 790.381 790.803 791.026 797.735 812.652 813.219 818.976 819.67 827.393 837.509 976.853 977.356 978.224 979.147 1035.58 1036.55 1039.74 1040.25 1041.77 1042.23 1042.68 1042.96 1044.08 1044.94 1047.38 1051.64 1180.27 1253.66 1270.34 1272.31 1301.5 1351.03 1356.49 1445.24 1720.77 1774.94 1792.37 1794.13 1796.13 1796.4 1796.54 1797.38 1800.55 1801.58 1801.58 
378.221 427.066 427.498 431.964 457.63 487.45 575.18 588.74 787.308 788.39 794.695 795.452 795.824 816.27 819.316 823.728 825.812 1006.39 1030.04 1040.07 1040.79 1041.01 1042.69 1043.97 1046.37 1046.52 1046.56 1048.4 1052.25 1053.66 1053.69 1056.71 1076.84 1100.97 1156.28 1273.68 1374.58 1382.25 1433.24 1443.03 1676.71 1725.39 1776.95 1794.79 1795.57 1798.44 1799.34 1800.17 1800.27 1800.85 
376.04 434.156 435.987 491.504 569.829 571.421 573.776 575.209 576.584 578.208 586.931 633.956 781.262 782.54 783.202 783.513 784.274 784.299 792.293 792.924 794.268 795.328 797.608 808.755 808.902 818.619 819.949 1027.36 1028.96 1029.97 1034.91 1035.1 1037.99 1038.92 1040.77 1040.84 1045.38 1046.45 1052.21 1052.34 1056.78 1351.19 1380.01 1446.45 1704.12 1753.48 1767.17 1800.6 1801.44 1801.57 
371.932 376.317 376.58 376.933 380.144 386.024 490.898 571.175 572.122 573.077 573.307 574.456 575.292 576.571 577.279 580.322 634.92 712.892 777.937 784.227 786.705 790.531 791.507 792.648 797.832 797.968 799.165 816.566 818.207 827.839 827.866 830.519 892.722 894.545 981.281 1027.99 1028.71 1039.69 1041 1041.56 1042.19 1043.98 1044.19 1045.38 1045.45 1254.29 1800.15 1800.72 1801.52 1801.58 
425.748 432.246 436.56 487.428 488.046 490.609 536.91 571.259 571.97 572.763 573.045 573.588 574.375 575.571 576.416 579.741 630.404 779.088 779.262 779.714 783.864 785.28 787.724 788.353 790.721 792.003 792.979 796.268 796.919 796.998 799.512 812.197 821.782 825.212 828.242 893.404 1032.34 1035.05 1037.05 1045.98 1046.4 1079.4 1260.67 1650.7 1678.61 1773.85 1776.33 1800.54 1801.59 1801.59 
425.666 429.154 431.047 489.916 569.096 569.889 570.6 571.074 574.348 574.622 575.479 575.67 576.084 576.537 577.338 613.553 618.404 630.301 782.089 782.42 782.972 783.8 784.549 787.79 787.949 790.947 794.775 795.706 796.268 797.114 798.643 799.165 799.562 819.034 819.363 824.656 825.974 826.945 1035.9 1037.22 1037.38 1041.35 1045.41 1047.23 1790.17 1792.57 1798.93 1799.84 1801.58 1801.59 
372.651 387.769 430.474 430.602 440.149 487.938 488.175 491.552 567.955 571.659 572.715 573.772 573.96 574.211 574.761 574.981 575.968 577.011 578.169 578.289 578.925 586.345 586.975 633.608 650.563 735.574 781.483 782.485 783.396 786.332 787.178 790.247 790.667 792.093 792.985 794.457 795.053 795.579 795.739 796.803 818.725 1008.42 1033.97 1041.75 1048.08 1385.27 1754.29 1797.55 1801.52 1801.59 
377.071 429.149 436.248 437.272 438.988 487.131 488.1 489.317 548.398 571.838 572.198 573.2 575.036 576.134 576.258 576.83 580.117 737.791 739.905 780.172 785.624 786.394 786.758 787.534 788.625 788.711 788.914 792.963 793.02 794.391 795.05 795.299 795.329 800.076 810.765 813.876 818.168 819.216 824.955 829.088 979.73 1009.92 1036.62 1036.9 1037.57 1038.52 1041.2 1046.45 1659.23 1795.25 
374.85 384.685 428.527 490.527 547.109 567.409 570.916 570.965 571.531 572.016 572.622 573.158 574.325 575.083 576.451 577.482 625.853 633.442 634.103 782.08 782.24 782.353 784.448 784.797 785.376 786.596 787.574 788.531 788.531 789.673 794.338 796.364 798.517 809.291 810.394 821.737 826.498 828.509 829.736 830.163 894.311 977.24 978.753 1035.38 1036.19 1040.08 1043.41 1048.52 1271.37 1736.89 
379.402 425.024 429.357 431.091 435.266 437.603 438.708 486.286 489.681 510.265 572.267 575.621 576.408 576.545 576.594 578.2 578.849 586.303 777.634 781.745 784.266 785.251 785.325 785.744 785.894 787.387 787.71 788.526 788.913 792.645 792.886 794.228 794.291 794.918 795.384 795.59 795.678 798.167 813.122 982.943 1004.06 1030.05 1033.81 1042.01 1055.18 1161.48 1338.01 1352.38 1441.67 1448.38 
378.222 428.231 428.943 429.236 486.047 487.352 488.312 490.856 567.365 570.434 572.499 573.982 575.761 577.315 580.56 587.779 631.37 737.426 739.624 780.011 780.241 780.544 781.256 784.444 786.417 786.515 786.654 788.18 791.082 793.105 795.594 797.839 800.223 809.187 810.72 813.302 818.512 821.443 825.19 827.639 827.77 829.608 831.252 858.627 1030.58 1042.58 1046.16 1304.99 1793.02 1799.52 
374.083 375.337 427.359 488.645 570.199 572.636 575.674 575.803 576.377 577.011 577.558 579.39 777.822 780.591 781.528 783.262 784.143 784.23 784.462 785.253 786 786.205 786.39 786.716 787.21 788.534 789.315 790.647 792.51 793.423 793.607 795.948 796.195 796.598 798.404 799.841 821.242 825.677 828.564 831.214 928.448 1015.11 1041.66 1042.91 1631.95 1780.24 1795.01 1795.99 1798.63 1798.75 
384.371 426.611 427.683 429.736 489.459 490.336 496.309 571.675 572.22 573.516 576.134 576.383 577.171 577.357 579.103 579.159 579.263 761.597 778.37 779.335 780.576 783.168 787.189 789.122 791.764 793.089 793.241 793.522 794.861 795.648 795.775 795.943 808.91 811.9 816.661 818.953 820.058 821.866 830.855 946.434 1006.21 1037.17 1168.52 1446.04 1565.19 1571.09 1770.54 1785.6 1788.71 1801.58 
383.451 429.963 437.221 487.466 567.924 570.522 573.806 574.301 575.3 575.878 576.245 576.515 577.259 577.524 578.004 589.781 632.893 780.756 782.185 786.238 786.45 788.571 789.195 789.906 790.103 793.589 795.393 818.13 828.694 832.098 870.98 958.33 977.542 1009.53 1038.55 1040.5 1050.12 1095.37 1433.8 1716.82 1783.68 1784.88 1793.7 1796.35 1796.8 1797.89 1800.09 1800.57 1800.68 1801.59 
377.564 386.828 426.57 426.713 429.445 490.045 490.751 572.048 572.594 572.88 573.718 573.917 575.707 575.724 576.969 577.29 577.362 577.817 578.003 578.14 585.099 587.618 781.061 782.443 785.682 786.743 791.389 795.908 797.634 798.598 798.816 798.866 808.391 808.682 890.322 893.521 1003.58 1011.09 1029.72 1033.43 1038.42 1060.66 1074.52 1165.87 1234.69 1639.47 1654.3 1769.54 1780.99 1796.78 
378.342 382.076 382.98 418.125 429.19 430.488 437.648 439.409 439.537 488.551 489.932 491.684 549.245 570.652 572.185 572.88 573.252 573.671 575.963 576.452 577.162 578.02 586.414 780.576 781.304 781.682 783.673 784.329 784.554 784.604 789.63 789.834 793.722 793.823 795.634 797.239 797.814 859.068 937.914 983.752 1029.19 1058.48 1172.46 1352.63 1668.21 1799.05 1800.91 1801.08 1801.47 1801.58 
375.98 379.063 379.362 419.533 425.989 426.383 432.811 435.024 437.839 473.205 486.712 487.355 488.059 489 489.369 490.423 570.017 572.199 573.01 575.694 575.756 577.012 577.288 577.492 578.471 578.661 585.985 635.04 699.934 781.326 784.606 786.944 787.055 788.848 789.623 792.644 793.523 796.219 796.488 797.686 811.078 818.825 858.461 872.274 978.157 1007.65 1031.2 1043.96 1065.94 1751.95 
376.976 377.235 426.556 428.766 428.848 429.282 487.904 488.382 508.298 548.818 572.077 572.796 572.891 574.324 575.342 575.857 576.189 576.27 576.531 578.532 578.597 579.087 579.692 634.072 783.614 783.74 785.233 787.365 787.552 788.026 789.113 789.775 789.853 790.898 795.319 796.97 817.671 818.34 818.363 819.982 820.36 825.204 834.439 977.361 1055.19 1211.33 1357.36 1800.87 1801.57 1801.57 
375.548 383.472 427.71 428.307 487.848 488.186 488.917 489.202 489.51 489.76 548.562 571.12 572.093 572.146 572.513 573.358 573.873 574.309 575.307 575.458 575.873 575.937 576.321 577.538 578.356 578.396 578.437 630.701 783.36 785.359 787.596 789.089 790.514 791.039 791.352 791.682 792.742 796.369 796.949 797.69 798.793 816.766 821.54 827.217 829.289 896.608 980.054 1032.41 1103.42 1789.34 
330.354 375.624 380.562 380.643 386.428 386.733 430.073 430.59 430.924 431.567 437.194 439.528 474.175 486.005 488.859 539.375 549.955 569.599 570.578 570.725 571.611 571.668 571.792 573.222 574.026 574.086 575.876 576.907 577.167 578.012 578.091 578.493 578.946 586.15 632.206 780.951 781.768 782.083 787.722 791.157 792.922 793.855 794.666 810.633 817.962 819.204 827.077 1039.41 1057.63 1233.32 
370.434 373.28 373.942 374.344 375.427 379.148 417.052 426.503 426.854 428.039 429.49 429.628 430.318 430.554 431.066 439.022 489.104 489.673 490.096 510.174 570.749 571.55 572.309 573.016 573.99 574.488 575.769 576.282 576.516 576.74 576.77 577.274 577.337 577.809 577.831 578.645 587.483 632.104 779.296 784.075 784.163 784.213 787.089 788.191 790.037 791.11 794.075 795.202 795.628 811.231 
375.264 376.46 377.816 378.174 379.331 384.603 384.978 415.588 425.269 425.691 426.883 428.192 429.318 429.983 430.207 430.566 438.956 474.493 486.029 488.547 488.823 490.806 547.493 549.36 568.042 569.315 572.173 573.056 574.661 575.821 576.385 576.454 576.843 577.088 577.926 578.546 578.685 585.684 587.339 735.938 781.434 783.122 783.329 784.511 784.518 786.598 790.07 790.213 811.674 825.412 
328.158 372.322 373.995 377.941 379.658 415.016 427.748 428.5 429.47 431.253 433.002 434.676 439.975 440.083 460.995 487.701 490.894 491.987 492.223 539.154 567.025 569.975 571.808 572.377 573.744 573.835 573.916 574.148 574.992 575.273 575.959 576.212 576.328 576.907 577.376 577.641 578.052 578.239 578.369 578.454 578.912 587.147 782.985 784.976 787.676 794.268 795.417 795.751 811.547 891.706 
375.747 376.999 379.678 380.632 381.834 387.056 416.67 429.186 429.513 429.904 430.506 430.795 437.909 472.637 474.511 487.451 487.655 490.251 570.217 571.396 571.711 571.747 572.19 572.594 573.023 573.994 574.066 574.558 574.592 575.202 575.302 576.141 576.319 576.506 576.618 576.975 577.239 577.667 577.755 577.971 579.054 782.428 784.777 785.036 789.032 790.151 791.136 794.797 821.533 1013.91 
376.185 377.302 380.696 383.486 383.489 384.582 384.808 415.934 427.574 427.78 430.197 430.383 430.859 436.688 437.701 437.811 486.644 488.452 489.436 490.237 490.905 490.952 570.417 572.132 574.532 575.377 575.765 576.265 576.405 576.539 576.657 576.977 577.06 577.086 577.311 578.338 578.649 587.408 780.706 782.373 783.03 784.396 787.713 788.004 789.043 789.324 791.736 792.038 793.784 795.792 
373.942 376.366 381.766 384.962 385.189 386.237 386.279 425.712 427.593 428.612 428.719 428.958 430.005 430.769 437.355 438.922 476.521 488.094 489.405 490.326 569.266 572.622 573.832 573.952 574.984 575.182 575.765 575.782 575.801 576.207 576.22 576.242 576.343 577.46 579.101 580.162 778.788 779.856 780.881 781.733 782.516 782.909 783.958 785.342 786.187 787.49 789.291 790.557 792.618 795.638 
326.13 376.028 376.341 378.046 378.762 381.13 384.093 384.838 385.962 426.537 427.249 427.755 428.579 429.058 429.082 429.679 429.812 430.027 430.442 430.605 436.584 436.987 438.282 487.419 489.732 490.463 569.981 571.699 572.676 572.766 572.811 574.943 575.135 575.459 575.492 575.51 576.442 578.308 587.206 588.014 780.949 784.69 785.964 787.105 788.628 788.901 791.17 811.798 827.86 1038.54 
330.185 373.745 376.519 377.363 377.862 380.073 383.898 384.731 424.565 424.832 427.103 427.849 428.616 428.885 429.018 429.791 434.039 434.306 438.358 487.076 488.248 490.51 491.077 510.303 573.957 574.03 574.672 575.794 575.995 576.287 576.733 577.337 578.466 578.643 588.377 777.827 779.972 785.699 786.05 786.245 786.976 790.238 791.121 792.64 794.136 794.853 795.553 796.864 1041.01 1667.56 
368.198 378.774 380.124 381.391 381.755 382.289 382.979 383.191 386.232 427.945 427.983 429.697 429.807 432.01 439.501 485.914 487.85 488.585 489.142 490.027 490.287 548.902 568.954 573.031 573.099 573.399 574.461 577.475 577.925 578.808 578.881 579.543 741.177 782.824 783.446 786.826 788.225 788.717 790.17 791.194 791.911 791.999 792.837 793.748 797.034 811.933 897.974 983.222 1800.71 1801 
329.488 370.264 375.601 376.567 377.633 379.216 384.891 386.072 386.575 425.84 426.768 428.5 428.83 429.13 429.312 430.028 432.158 435.781 439.907 472.999 485.619 491.578 542.325 571.108 571.181 572.01 572.961 573.841 574.62 575.5 575.74 575.998 576.492 576.818 577.295 577.318 577.754 578.801 741.573 783.7 785.686 786.32 789.047 791.028 791.202 792.827 793.529 797.008 815.463 823.337 
370.409 370.837 372.179 373.123 376.24 376.9 376.996 377.939 378.659 380.91 382.552 382.909 384.056 384.233 384.378 384.714 384.849 385.235 385.428 385.568 386.383 428.286 428.859 429.602 429.995 431.545 437.348 437.841 439.194 473.525 474.625 487.849 568.238 573.911 576.203 576.852 587.254 588.942 589.255 741.669 780.099 783.469 785.006 786.368 788.52 788.641 788.972 793.107 829.085 1052.99 
374.603 374.99 376.779 376.78 377.019 378.42 380.898 381.291 382.392 382.695 384.089 384.638 385.32 385.686 426.321 427.856 428.126 428.148 429.191 429.643 429.783 430.095 430.546 430.807 439.439 440.23 476.8 486.138 487.457 488.652 489.05 489.051 490.195 490.617 491.789 569.369 570.706 574.649 575.778 577.142 577.292 579.145 779.758 780.035 786.484 786.762 789.47 791.993 795.517 910.3 
324.948 372.982 373.783 374.163 377.145 377.723 377.86 380.423 380.612 380.616 381.262 381.822 382.054 382.358 384.25 385.972 415.971 424.255 427.227 427.383 427.542 429.101 429.568 430.105 439.128 439.148 439.553 474.817 487.138 487.832 490.957 492.051 549.176 570.214 571.86 572.615 574.49 575.336 777.288 782.079 782.395 784.19 784.392 785.268 791.764 794.771 818.182 818.766 929.372 977.997 
328.796 329.035 330.077 370.316 374.314 374.318 375.93 376.778 378.681 380.851 380.905 382.487 385.076 385.836 385.861 386.666 386.904 387.491 388.126 426.934 427.362 428.033 428.419 428.804 428.822 429.743 431.54 436.591 437.205 437.322 440.022 473.703 487.806 491.928 493.19 548.48 571.326 575.253 576.155 576.363 576.46 576.596 577.953 579.659 783.796 785.262 786.329 786.58 788.509 794.362 
368.257 368.518 377.022 377.561 380.822 381.482 381.539 383.834 384.869 384.917 387.114 427.427 428.177 429.724 430.407 432.053 437.92 438.045 440.885 487.475 488.69 489.869 489.877 489.943 490.106 490.114 491.077 506.897 547.621 548.74 570.299 572.296 572.521 572.523 573.427 574.09 574.162 576.468 577.025 578.757 586.269 781.759 784.592 787.898 788.13 789.709 790.498 793.94 817.376 1033.93 
377.811 378.028 380.613 381.182 383.596 383.754 384.494 384.873 385.469 386.395 386.396 425.102 426.938 427.022 427.494 428.229 428.354 429.483 435.052 473.909 477.214 488.343 489.043 489.274 489.89 489.914 490.121 570.36 572.042 572.944 573.487 574.459 575.457 576.073 576.661 577.036 577.816 578.348 586.366 778.338 779.165 784.359 785.712 787.026 787.596 788.642 790.689 792.292 820.412 1039.93 
330.958 370.176 373.295 373.333 373.531 377.103 378.31 378.44 380.268 381.339 381.676 385.155 388.614 414.968 415.664 416.32 425.353 426.136 427.617 429.53 429.724 430.876 437.512 439.697 475.063 490.769 490.985 491.135 510.491 570.006 572.048 572.579 574.76 574.912 575.512 575.679 576.093 579.553 587.271 633.129 782.525 783.342 786.129 786.142 828.054 1039.69 1058.39 1795.68 1798.54 1799.03 
328.389 329.218 373.545 375.362 375.76 377.162 378.174 380.249 381.804 382.755 383.133 385.066 385.404 386.054 415.272 428.896 430.021 430.911 431.438 434.391 436.801 438.666 438.719 473.456 488.694 490.289 490.622 490.831 548.709 548.731 570.609 571.001 571.054 571.24 574.428 574.692 574.805 575.002 575.468 575.921 576.006 577.516 736.032 783.408 783.814 784.86 791.372 791.73 794.029 807.772 
372.994 378.229 378.539 380.965 381.101 381.318 382.102 386.651 425.442 427.794 428.325 428.788 428.88 429.186 430.086 435.036 436.603 438.124 438.337 438.938 439.19 439.316 439.781 489.599 490.434 490.635 490.835 491.365 491.725 546.613 571.193 572.145 573.219 573.841 574.186 574.904 575.391 576.479 577.394 578.412 587.048 781.82 784.163 787.238 787.904 810.132 819.824 820.124 1037.16 1044.07 
377.68 380.409 381.032 381.269 381.846 382.3 382.408 387.275 428.97 429.066 429.436 429.65 434.346 434.428 434.53 436.371 436.517 439.468 488.956 489.545 489.923 490.983 511.344 549.82 567.96 569.379 570.219 571.153 571.646 572.139 572.845 573.938 574.043 574.112 574.427 575.724 576.014 576.291 577.006 577.4 583.365 736.585 782.117 783.231 787.19 791.336 793.161 829.645 1361.94 1800.23 
331.204 370.787 380.244 380.786 381.313 382.625 384.724 412.701 426.538 428.316 431.633 438.156 439.494 440.136 440.376 486.324 489.573 490.041 537.562 549.472 569.792 570.333 571.277 571.983 572.125 573.226 573.391 573.583 573.777 573.807 573.855 574.011 574.43 574.823 575.603 576.298 576.374 706.169 777.656 782.007 782.943 784.131 784.379 788.274 788.352 788.933 789.203 792.93 815.041 817.346 
376.447 376.602 377.292 378.427 380.224 380.474 380.84 381.928 385.259 386.313 386.526 427.787 428.551 429.087 429.936 429.936 430.047 430.42 430.441 436.125 438.823 439.776 439.844 488.64 488.732 489.162 489.236 489.397 489.721 490.034 491.599 511.015 538.998 570.273 570.458 571.205 572.03 572.652 573.538 574.462 574.824 575.422 577.365 783.085 784.456 784.938 788.256 791.079 897.258 928.175 
373.306 377.7 377.776 381.346 382.798 385.161 385.197 385.25 386.094 428.65 434.434 434.708 434.862 436.866 438.212 439.593 486.384 488.337 489.743 490.213 490.529 491.309 508.443 568.677 570.521 571.167 571.175 571.334 572.023 572.201 572.79 573.192 573.341 573.55 573.643 573.753 573.909 574.393 574.7 578.052 785.347 785.973 786.278 787.256 789.446 789.78 791.335 792.232 794.031 858.505 
371.05 372.165 373.131 373.835 375.347 375.633 377.577 377.733 378.401 380.602 381.031 384.175 384.711 385.116 385.849 386.721 386.924 386.958 424.958 427.764 428.505 428.754 433.543 434.022 434.184 434.957 435.977 438.931 439.581 439.809 476.842 485.498 489.547 548.456 570.93 571.79 572.052 573.09 573.833 578.545 578.56 578.822 778.349 781.298 787.653 787.705 788.267 792.667 797.963 820.765 
330.4 370.376 372.62 372.854 374.365 379.034 381.369 384.773 385.455 385.882 386.151 386.658 413.92 416.986 425.589 428.385 428.834 429.201 429.245 430.009 430.147 433.988 434.885 435.644 435.885 437.947 458.847 486.9 490.17 492.151 510.049 571.124 572.377 574.153 574.423 575.688 576.349 587.216 779.405 781.128 782.787 782.914 784.14 784.24 786.299 788.383 788.786 789.455 793.368 1270.78 
373.362 374.886 375.471 375.471 377.385 380.365 380.572 380.603 381.392 387.363 413.737 417.045 426.54 426.927 428.573 429.326 429.426 429.713 431.175 435.406 435.741 436.942 439.944 440.138 440.169 486.889 487.353 488.939 489.259 507.786 510.014 571.275 572.821 573.504 573.914 573.978 575.331 577.647 577.85 780.669 782.498 782.585 787.053 790.971 792.06 792.727 810.84 811.177 1045.2 1780.6 
258.757 328.531 331.757 373.207 374.375 375.174 377.148 377.306 378.08 378.086 380.963 381.066 381.663 382.487 386.054 416.56 428.922 429.835 430.037 430.957 437.482 440.438 485.717 487.995 488.524 489.358 490.384 493.427 570.55 572.444 572.55 572.858 574.899 575.497 576.259 577.614 696.6 779.451 782.004 782.6 783.761 787.312 787.484 790.859 792.645 827.923 877.806 980.237 1046.79 1801.35 
329.201 330.59 353.899 378.099 378.658 382.178 384.24 386.108 386.135 427.015 427.178 428.563 428.841 429.382 431.107 438.749 487.066 487.144 489.516 490.625 490.993 491.555 491.908 509.386 570.243 571.152 572.685 573.557 574.446 575.134 575.339 577.585 577.658 692.859 779.512 780.33 780.764 781.067 784.606 785.302 788.359 788.984 789.385 789.824 790.185 792.501 817.446 820.322 825.352 1801.44 
330.183 375.252 377.089 377.597 378.301 381.851 382.264 386.642 417.33 423.698 425.559 427.965 428.481 428.521 428.963 429.437 429.444 429.909 430.393 431.298 434.954 437.442 437.833 438.254 438.882 439.631 439.857 487.627 491.185 491.314 492.343 549.257 567.557 569.988 571.285 571.427 571.89 574.519 575.897 577.746 784.651 785.25 786.348 787.134 789.141 790.082 793.779 794.64 1800.52 1801.58 
376.432 377.467 380.845 382.057 384.305 413.982 425.472 427.178 427.735 428.314 428.624 428.975 429.426 429.491 434.501 435.011 435.351 438.023 474.63 487.667 487.725 489.391 491.317 507.888 509.071 570.076 570.883 570.918 570.967 571.819 572.395 572.953 574.406 576.072 578.051 628.916 778.427 782.73 785.345 785.895 786.577 787.483 787.541 787.913 789.326 791.936 810.254 829.029 831.697 890.911 
375.708 377.668 380.182 382.308 383.025 384.867 388.554 429.246 429.325 429.496 429.844 430.249 430.56 434.201 435.866 438.926 439.493 439.958 485.882 486.501 487.353 489.337 490.371 490.65 570.471 571.905 573.021 573.91 574.515 574.98 575.819 576.113 577.475 577.517 781.555 782.612 783.231 785.694 785.805 790.213 790.894 790.995 792.321 792.361 809.076 1008.63 1026.98 1782.67 1797.92 1801.58 
377.508 378.264 385.006 385.226 388.023 426.921 428.631 428.79 430.374 430.824 431.035 434.05 436.917 437.255 473.93 474.043 488.637 488.841 490.571 491.598 573.168 573.262 573.796 575.595 575.85 578.11 780.161 781.326 783.586 786.897 787.414 787.945 788.466 789.236 789.917 790.154 793.023 794.899 797.863 810.702 815.579 1034.19 1042.03 1042.34 1798.45 1799.17 1800.01 1801.58 1801.58 1801.59 
377.88 381.888 384.215 384.237 427.846 435.669 439.081 485.483 486.415 488.212 489.959 490.204 508.326 570.886 572.879 573.387 574.829 575.007 575.119 576.775 577.169 577.726 577.733 578.303 779.679 784.422 786.851 788.392 790.435 790.662 791.016 791.204 792.809 794.536 795.114 796.182 797.445 814.775 817.995 823.239 824.498 831.459 1028.34 1040.89 1216.41 1442.79 1800.53 1801.24 1801.35 1801.58 
377.534 378.396 381.978 385.383 428.309 428.598 430.24 434.326 439.712 440.263 486.657 536.845 548.918 574.399 574.468 577.682 781.605 784.063 784.88 785.107 785.36 786.062 786.305 786.436 787.666 791.053 793.831 795.201 795.438 795.595 796.922 797.618 815.558 818.147 828.387 1025.02 1027.08 1027.98 1033.81 1035.97 1038.17 1039.16 1072.51 1180.59 1440.25 1792.57 1800.93 1801.58 1801.58 1801.58 
367.809 374.63 377.14 386.783 434.832 435.528 435.639 436.228 436.647 436.666 437.796 487.772 487.778 566.432 574.073 574.809 575.542 575.649 576.544 586.081 783.085 783.565 785.759 786.564 787.512 787.747 789.001 789.782 789.898 791.588 793.403 793.824 795.314 810.065 817.099 818.233 825.518 830.764 1033.45 1037.35 1042.78 1047.46 1795.47 1796.99 1800.2 1801.58 1801.58 1801.58 1801.58 1801.58 
430.363 435.264 486.489 489.951 490.336 490.346 490.674 568.795 570.498 571.987 572.591 573.277 573.291 573.818 574.242 576.022 576.178 576.404 578.144 578.537 578.896 579.09 633.185 784.767 784.84 785.029 788.949 789.289 790.093 790.1 792.41 792.781 793.567 795.81 797.016 797.097 814.07 814.38 816.335 819.915 821.576 823.977 824.469 975.495 1029.55 1035.04 1036.48 1045.59 1767.37 1799.2 
351.261 375.744 427.786 427.917 428.925 434.636 435.458 437.258 489.132 490.859 492.28 569.954 571.394 573.43 574.142 575.212 575.274 578.336 782.169 784.223 786.042 786.23 787.77 787.866 787.925 788.489 790.671 791.235 792.157 792.31 794.099 794.36 796.865 821.395 827.125 831.098 1027.72 1033.39 1035.69 1039.51 1040.24 1042.31 1043.02 1046.08 1046.12 1046.37 1047.23 1797.25 1798.73 1800.71 
377.897 415.198 425.402 429.134 430.23 434.513 436.002 436.162 436.278 437.027 486.739 567.975 570.172 571.227 572.133 572.461 576.445 577.437 578.498 579.369 630.125 781.008 781.236 784.035 784.077 784.623 785.051 787.058 787.369 787.93 788.98 790.056 792.989 796.774 815.029 816.176 891.97 975.932 1038.15 1038.59 1039.47 1040.71 1041.61 1042.07 1042.75 1043.51 1044.88 1155.64 1581.09 1801.58 
331.028 384.664 425.335 426.49 429.874 434.947 435.229 436.569 439.449 485.728 492.151 494.706 536.478 538.195 547.997 571.983 572.503 572.55 572.575 573.216 574.309 574.456 575.062 575.522 578.653 783.164 783.651 787.935 788.469 789.23 789.709 792.36 809.774 813.202 813.592 820.842 825.78 859.905 978.236 1034.81 1035.85 1038.01 1041.67 1042.56 1043.97 1044.06 1047.37 1048.4 1158.27 1800.05 
374.959 430.071 436.418 437.971 438.185 485.348 491.11 566.607 569.584 570.572 570.577 571.583 572.717 572.875 573.647 574.708 575.613 577.378 577.496 578.053 578.633 579.248 633.629 781.823 781.889 782.205 786.864 788.348 789.338 790.046 808.725 814.683 815.564 816.467 818.228 818.357 976.773 1026.6 1038.7 1038.93 1039.2 1043.77 1045.16 1271.8 1334.67 1337.48 1337.51 1751.09 1799.63 1801.58 
324.088 376.745 385.642 386.154 417.172 424.172 426.347 426.468 429.69 435.807 435.889 437.613 473.257 473.667 485.774 486.607 486.826 487.407 490.314 490.375 545.965 571.005 572.241 572.989 576.292 577.461 577.939 785.231 790.875 792.97 794.872 810.532 815.103 816.577 1034.49 1036.01 1036.2 1037.87 1039.03 1040.38 1041.09 1044.04 1045.75 1045.94 1055.55 1058.38 1251.86 1337.98 1346.94 1372.87 
372.153 380.122 383.805 386.194 386.888 426.107 426.47 427.622 428.553 428.625 436.31 437.337 438.382 485.991 491.842 536.965 570.933 571.08 572.265 572.771 573.894 577.602 586.196 629.645 630.525 784.685 784.72 784.922 785.68 785.872 785.98 786.184 788.57 788.788 791.413 791.583 792.349 792.737 796.511 808.472 825.149 1040.1 1041.98 1042.32 1045.28 1045.5 1054.6 1252.29 1798.44 1800.9 
352.285 377.018 378.939 379.187 380.438 381.238 381.698 385.638 424.848 425.661 433.577 434.303 435.588 488.272 489.391 490.265 490.534 508.419 567.321 567.591 569.904 570.746 572.845 574.921 576.453 576.735 586.1 778.892 779.267 779.634 779.662 779.725 781.511 781.853 785.571 787.741 789.628 794.808 808.173 817.025 817.175 834.858 860.78 1038.72 1043.87 1044.21 1049.75 1056.8 1799.18 1801.59 
375.637 382.192 382.967 383.121 383.536 386.619 425.984 431.047 433.584 434.792 435.676 436.074 436.598 438.033 474.305 486.819 487.771 489.141 489.155 492.022 567.166 567.746 567.891 571.969 573.952 574.664 574.682 575.047 575.412 576.647 578.863 586.146 631.418 781.026 781.039 781.391 783.302 784.73 785.939 787.138 787.444 787.817 788.884 1044.18 1044.21 1050.28 1051.62 1074.26 1798.85 1801.19 
327.795 376.725 377.007 378.947 380.905 381.23 382.31 383.348 386.243 387.592 424.747 425.028 428.245 435.353 435.847 436.399 436.534 437.761 486.075 486.292 490.204 490.314 490.811 491.114 492.313 567.847 569.88 570.611 572.703 573.93 574.186 574.367 576.01 576.017 576.622 578.576 579.763 634.086 737.809 782.382 783.375 783.418 789.026 790.62 829.724 1043.31 1047.11 1054.85 1337.37 1801.13 
374.267 381.539 382.615 382.903 425.314 425.475 426.303 426.377 426.735 434.614 435.642 436.495 437.611 487.256 487.663 488.737 490.901 491.036 492.536 567.164 567.311 567.991 568.176 568.256 569.391 570.069 571.413 574.052 576.016 576.444 576.505 576.833 578.868 579.477 734.329 767.623 778.448 779.355 779.596 781.81 784.041 784.791 787.144 787.363 793.717 795.905 1034.23 1054.98 1798.01 1801.59 
370.748 381.52 382.177 382.345 384.006 385.616 424.98 425.917 427.049 435.025 437.646 475.908 486.589 486.678 488.261 489.852 490.041 490.434 490.583 492.154 492.587 493.745 566.922 567.631 567.693 569.536 570.538 571.509 577.335 578.264 580.181 631.337 633.219 778.971 779.505 781.362 781.377 783.122 785.099 785.228 786.367 788.584 788.822 789.419 792.667 816.588 833.576 1797.42 1800.31 1800.94 
370.823 375.774 380.771 382.019 425.483 427.141 427.567 430.073 436.955 437.14 437.698 484.42 486.324 486.863 488.748 490.721 544.612 567.73 567.747 570.796 570.96 571.813 572.482 576.7 576.736 577.025 579.338 585.377 630.733 632.996 777.484 778.272 779.097 782.579 783.738 785.287 786.163 786.516 788.867 790.018 790.478 790.513 791.528 792.547 792.564 795.156 815.728 816.417 1798.44 1801.55 
377.914 382.027 382.371 382.574 424.421 424.922 425.045 426.381 430.118 434.791 435.436 435.826 436.164 436.991 437.746 439.354 439.974 489.952 492.513 546.827 566.82 569.701 569.96 571.353 571.769 572.751 573.756 574.361 574.731 575.839 576.022 576.85 577.05 577.781 580.15 629.985 632.734 777.484 778.162 778.2 779.11 783.119 783.332 783.736 784.527 786.86 793.15 825.326 996.59 1028.43 
368.176 371.023 373.199 381.305 382.339 382.601 382.633 382.663 383.083 383.452 423.592 425.838 425.932 427.38 434.809 436.428 436.865 439.33 439.427 439.953 471.255 487.703 487.953 488.917 489.025 489.241 491.226 492.064 492.134 569.871 570.909 572.332 572.757 575.125 575.518 575.648 576.273 577.065 577.831 577.861 579.407 631.795 633.203 778.142 783.414 784.012 788.762 790.201 792.884 1045.92 
376.056 377.66 380.183 381.367 382.507 382.776 382.778 386.112 423.74 424.537 424.708 425.345 425.872 426.248 427.971 428.785 435.18 435.459 436.4 436.798 437.661 437.783 437.954 439.465 489.683 490.362 491.77 492.023 492.355 492.573 536.68 570.191 570.735 571.151 571.965 573.02 574.417 577.052 577.644 578.022 632.237 633.469 778.533 781.81 784.544 792.843 793.428 793.852 793.866 795.196 
233.223 370.897 374.863 374.926 377.657 378.568 380.255 381.734 381.857 382.101 386.521 386.957 422.972 425.045 425.06 425.614 425.954 427.311 427.367 428.909 435.219 435.401 435.913 436.59 436.631 437.409 438.979 439.265 486.333 486.437 490.188 491.643 493.01 567.489 570.218 571.481 572.252 574.028 632.395 633.531 737.302 779.047 779.291 782.209 787.95 788.292 815.277 1045.96 1349.35 1798.43 
234.359 377.214 378.785 380.86 381.389 382.364 382.459 384.145 386.621 386.813 426.17 426.178 426.274 429.109 429.182 434.391 434.563 435.177 435.614 435.854 436.79 436.93 437.22 437.951 438.658 439.243 441.015 486.333 486.688 487.812 487.928 490.07 491.411 491.491 491.623 491.69 492.991 538.24 569.636 570.104 575.698 577.705 577.806 578.091 587.706 631.746 778.534 785 788.163 832.03 
239.881 370.754 372.378 372.733 372.825 372.988 377.064 379.851 381.395 382.942 423.632 424.094 424.636 425.431 425.523 425.604 425.715 426.073 426.427 428.541 434.416 435.042 435.196 435.469 487.121 487.668 489.359 491.176 491.46 491.883 568 568.225 571.096 571.255 571.677 571.896 573.7 574.956 577.955 606.239 629.441 754.429 788.041 815.975 817.24 820.163 977.962 1037.66 1381.28 1440.59 
257.945 331.589 372.69 375.666 376.058 377.802 380.862 381.336 381.439 383.322 423.87 425.208 426.254 428.406 428.505 429.121 434.593 434.884 435.033 435.109 435.128 435.174 436.765 437.347 437.661 489.561 490.207 490.276 490.868 491.005 491.255 491.349 539.079 567.251 567.559 571.57 631.964 634.603 778.996 786.794 790.141 792.589 810.357 816.345 817.246 1036.58 1042.2 1048.77 1270.82 1352.43 
375.14 378.02 379.888 382.662 383.304 385.496 425.543 425.634 425.758 426.152 429.348 434.247 434.565 435.026 435.177 436.519 436.681 437.603 437.736 437.883 465.562 485.71 487.732 489.689 491.16 491.293 491.773 491.859 492.414 492.417 493.373 550.611 569.307 570.047 584.331 607.878 630.667 631.115 633.317 733.912 783.769 786.503 809.743 809.754 818.23 1037.76 1044.27 1067.55 1796.62 1800 
366.368 368.067 374.861 377.218 379.699 379.742 386.487 387.199 422.879 424.585 425.999 426.06 426.167 426.312 426.742 428.651 434.36 434.606 434.777 436.529 437.47 437.831 486.995 488.735 489.96 491.003 491.005 491.078 518.459 536.072 537.69 567.515 567.778 570.985 572.334 574.597 575.201 575.671 575.966 778.202 779.145 783.649 829.941 833.07 861.051 928.739 975.171 1027.29 1795.59 1798.62 
332.177 368.161 376.824 380.264 380.698 380.868 381.902 382.206 384.166 385.473 386.06 387.414 424.692 425.846 426.176 426.181 426.702 428.087 429.917 434.622 435.326 435.413 435.599 435.652 436.003 436.878 437.347 437.57 437.868 440.894 485.988 489.998 490.192 490.743 490.76 490.881 491.635 567.131 571.195 572.624 573.439 578.021 627.619 778.323 779.083 783.905 785.553 793.954 818.086 1042.09 
329.214 366.85 375.145 376.721 380.559 382.141 384.474 386.487 386.709 422.234 424.426 424.804 426.048 426.657 428.454 428.479 428.76 434.075 435.185 435.287 436.545 436.665 436.819 436.984 437.245 437.407 437.579 439.032 485.403 489.336 490.471 491.207 491.31 491.501 491.631 492.307 507.619 537.625 568.146 568.57 571.649 572.986 575.961 576.979 778.86 783.354 784.328 785.341 792.523 1799.26 
242.429 329.316 367.817 371.678 373.583 375.156 382.213 423.763 424.123 424.551 426.422 426.525 426.582 428.058 429.066 429.119 429.187 431.245 434.982 435.199 435.607 435.945 435.956 436.234 436.723 437.158 437.565 438.215 439.817 486.136 486.551 487.537 491.167 492.394 550.381 566.944 567.526 567.938 568.168 571.974 572.712 576.932 629.646 784.013 793.914 794.665 810.578 1798.21 1800.25 1801.09 
236.266 252.869 259.028 374.111 377.358 380.714 382.393 385.355 422.318 424.565 425.515 425.527 425.587 425.659 426.369 426.392 426.449 427.172 435.026 435.069 435.764 436.198 437.609 472.596 486.163 489.965 490.17 490.179 491.113 491.153 491.987 492.217 511.348 536.987 566.786 567.716 571.642 572.317 572.351 572.514 574.473 575.653 579.181 585.552 671.081 778.888 781.617 786.381 794.048 1057.56 
354.608 372.098 375.003 376.402 377.381 379.856 381.251 382.286 382.67 383.13 385.176 386.609 386.661 386.684 424.625 425.044 425.193 425.675 426.241 434.752 435.566 435.877 436.029 436.681 439.791 471.001 485.678 485.804 486.418 487.391 488.137 490.457 491.626 493.176 493.324 493.962 494.125 548.461 567.971 569.153 572.094 575.978 578.06 604.804 630.37 630.432 784.558 797.937 1030.86 1163.99 
257.228 329.15 329.317 334.458 373.26 373.957 376.048 381.059 381.397 381.435 383.397 385.347 386.172 424.008 425.752 426.212 426.27 426.424 426.575 434.743 435.593 436.556 437.02 437.608 485.147 488.928 489.026 489.098 489.647 490.219 490.257 490.517 491.366 567.454 567.734 567.801 567.902 568.81 568.948 572.302 572.996 575.207 576.017 577.012 735.82 778.862 779.62 825.601 1026.97 1165.9 
372.52 374.142 375.399 376.529 376.946 422.767 426.209 426.242 426.261 426.411 427.437 428.096 428.729 428.966 429.469 434.884 435.264 435.434 435.738 436.035 436.08 436.241 436.253 437.343 440.511 485.896 486.013 486.434 486.494 486.745 487.623 489.836 491.13 491.177 491.584 537.344 567.291 567.316 568.213 568.731 571.692 572.295 573.37 574.61 577.551 577.932 579.293 782.547 792.307 816.4 
259.364 368.252 373.007 377.099 378.433 381.975 382.136 382.618 422.693 423.693 424.646 424.826 425.175 425.363 425.675 425.741 425.836 426.376 426.653 427.664 429.012 429.236 429.289 433.998 434.061 434.599 435.396 435.99 436.435 436.469 436.601 436.826 437.713 439.467 487.833 490.436 490.489 490.609 491.398 491.68 492.298 569.659 570.629 570.752 574.823 584.897 586.475 587.135 787.418 810.151 
375.007 381.49 382.06 382.455 382.82 383.438 423.683 423.913 424.134 424.646 425.34 425.352 426.035 426.188 426.406 426.483 428.045 434.382 435.065 437.636 438.292 438.418 485.657 487.008 487.489 491.49 491.742 493.769 549.672 567.722 568.29 570.349 572.04 575.864 576.859 577.007 645.399 778.543 778.829 791.936 824.801 831.602 914.731 973.336 1002.74 1004.17 1008.88 1027.04 1792.32 1800.73 
330.067 372.666 376.182 384.139 386.547 387.28 424.738 424.969 426.278 427.679 428.725 429.353 433.375 434.029 434.512 435.656 435.699 435.895 436.289 436.44 436.978 437.304 437.916 438.456 441.085 489.628 489.67 490.145 493.136 508.584 566.446 567.826 568.063 574.279 587.411 631.449 644.908 779.097 808.503 861.508 891.493 929.052 958.964 1012.03 1047.38 1176.35 1177.16 1184.99 1209.43 1745.93 
330.018 374.717 377.755 382.931 383.115 384.042 425.226 425.833 426.135 428.695 430.081 433.579 434.72 434.962 435.362 435.422 435.49 435.981 437.061 437.882 438.103 439.591 485.997 486.245 487.173 487.391 490.43 491.298 491.97 493.022 495.781 566.647 567.97 568.596 569.859 571.619 571.73 778.112 796.51 797.101 825.434 905.023 1027.28 1045.96 1051.39 1060.09 1081.75 1187 1800.06 1800.95 
368.701 371.815 377.321 382.69 382.865 386.227 386.315 424.17 425.91 425.921 426.18 429.231 434.372 435.613 437.182 437.258 437.712 438.572 466.213 486.239 486.515 486.776 487.614 488.635 489.091 489.379 490.281 490.399 491.196 492.279 538.578 567.928 568.46 568.893 571.208 572.303 629.596 779.343 779.673 785.16 791.482 848.05 1046.95 1053.03 1083.34 1220.67 1791.72 1792.8 1794.79 1795.46 
326.747 377.812 379.29 424.942 425.238 435.027 435.311 435.479 436.026 436.141 437.371 437.488 437.553 437.836 438.001 486.1 486.181 486.623 487.404 487.418 489.486 489.612 490.114 491.296 492.089 492.3 492.355 537.795 568.077 568.079 568.601 572.16 572.212 572.503 575.109 576.515 577.047 619.719 682.137 779.412 784.804 795.589 817.698 824.567 1010.57 1043.6 1101.58 1798.64 1799.35 1801.62 
331.548 380.875 381.313 382.288 386.138 425.983 426.729 427.208 428.175 428.239 428.617 429.352 429.371 434.787 435.101 435.759 436.115 436.583 437.043 437.339 438.01 486.357 487.477 487.939 488.318 491.417 537.307 546.503 567.636 568.318 569.246 572.347 584.239 585.576 789.509 857.115 857.323 928.828 930.284 932.102 1025.42 1032.06 1034.97 1045.39 1045.4 1045.55 1066.43 1080.55 1092.06 1182.99 
258.286 382.672 414.075 422.735 425.26 425.547 426 426.793 429.124 429.161 429.968 430.923 433.878 435.112 435.382 435.857 436.829 437 437.319 437.502 437.569 438.185 438.672 438.784 439.85 486.122 486.717 487.066 487.587 487.739 488.634 491.474 536.619 538.937 566.626 567.617 567.829 568.081 568.239 569.063 570.721 574.773 587.37 830.844 855.212 1008.11 1039.65 1067.95 1094.37 1799.77 
374.449 386.218 424.635 425.44 425.482 425.628 428.972 430.093 434.222 434.284 435.065 435.89 436.458 439.279 440.516 487.208 487.222 489.81 490.191 491.431 491.926 537.36 568.696 570.084 571.687 572.76 573.432 574.309 576.27 742.498 778.896 779.258 779.953 786.348 788.631 796.008 816.269 816.532 846.648 1002.49 1044.19 1074.08 1075.21 1279.11 1457.97 1567.35 1793.47 1795.84 1799.35 1799.41 
378.925 384.61 424.744 425.738 428.099 429.483 435.227 435.316 435.641 435.941 436.664 436.849 436.901 442.532 486.733 486.822 486.891 487.015 487.077 487.379 487.519 487.528 490.475 491.005 491.173 544.769 546.884 568.114 570.129 572.315 572.412 572.708 572.709 573.202 574.589 579.346 588.093 672.966 708.052 779.153 788.073 891.464 892.067 913.115 957.326 1027.43 1028.44 1260.13 1351.85 1800.22 
330.685 380.69 382.871 383.171 424.911 425.882 428.485 428.808 433.642 433.703 434.75 435.193 435.964 436.149 436.551 436.798 436.964 437.006 437.313 437.852 437.915 437.974 441.8 442.34 486.927 487.105 487.415 491.532 511.084 568.496 570.953 573.316 576.598 577.677 578.173 584.578 784.473 785.677 786.317 793.002 811.508 814.993 821.916 928.582 976.458 1034.05 1103.2 1798.61 1800.29 1800.56 
425.531 426.324 426.838 429.141 429.327 433.006 434.268 434.301 435.122 435.491 435.66 435.698 435.709 436.584 436.925 437.318 437.849 441.805 487.516 487.802 490.596 490.733 491.079 491.525 492.279 537.401 567.059 568.019 568.583 571.846 572.359 572.365 572.647 573.279 575.382 629.325 775.164 777.838 779.809 785.476 788.512 806.368 810.418 820.533 870.336 956.415 1041.81 1043.47 1272.62 1801.04 
353.075 382.493 414.489 423.967 425.102 427.031 428.042 428.354 428.815 428.818 428.851 429.423 430.012 433.974 435.501 435.617 435.753 435.874 435.882 436.429 436.451 436.465 436.764 436.805 436.943 437.253 437.608 438.03 438.223 486.951 487.293 490.204 492.557 535.651 568.761 570.518 572.494 575.359 577.887 668.446 778.419 779.046 779.295 785.432 787.197 797.303 822.41 832.92 891.926 1001.91 
386.071 424.409 426.881 428.555 428.769 429.637 433.987 433.987 435.215 435.402 435.969 435.975 436.259 436.413 436.673 436.706 436.873 436.898 436.968 437.186 437.224 437.72 437.965 437.975 438.466 451.924 460.779 473.816 485.507 487.118 487.634 537.426 537.679 567.74 568.833 568.869 570.659 571.337 571.982 572.087 575.237 779.102 783.738 788.885 817.863 857.102 985.589 1780.74 1798.63 1800.46 
378.344 380.66 425.099 425.413 426.31 426.734 434.868 435.056 436.021 436.694 436.74 437.078 437.214 437.706 437.969 439.129 440.792 487.182 490.88 491.126 509.831 567.82 567.864 568.02 568.722 568.835 572.543 573.902 576.602 576.812 576.944 578.29 578.783 583.959 778.851 778.928 779.14 779.312 780.506 783.434 785.348 792.859 811.604 816.891 831.522 895.218 1060.62 1067.7 1799.2 1800.85 
425.182 425.943 426.345 426.538 429.001 429.472 429.553 433.401 433.433 435.992 436.524 437.725 471.634 491.135 492.441 567.438 568.001 568.004 568.978 572.443 575.505 575.879 577.162 586.269 619.842 646.258 785.008 786.527 788.095 790.163 815.953 816.346 818.055 824.693 963.564 1009.95 1031.81 1037.57 1039.87 1045.04 1154.11 1163.48 1649.01 1781.45 1799.07 1800.3 1800.76 1800.79 1801.05 1801.59 
382.784 414.561 419.83 424.459 424.886 425.096 425.479 425.807 434.04 434.315 435.408 435.458 435.598 436.746 437.115 437.149 437.208 437.21 437.575 437.744 438.502 440.955 486.332 488.075 491.155 548.226 571.431 572.884 573.621 576.166 605.37 779.821 780.084 780.995 788.434 793.411 793.87 794.374 814.849 826.59 827.222 845.955 891.332 994.599 1040.16 1484.58 1660.12 1791.29 1794.6 1799.61 
381.676 383.198 385.969 423.094 425.758 426.521 427.584 428.81 433.353 434.094 434.464 435.552 436.035 436.227 436.571 436.966 437.634 437.801 438.025 440.034 488.516 491.492 538.49 567.268 568.009 572.044 575.371 779.1 782.131 784.622 787.651 787.721 790.985 791.331 792.401 794.395 807.477 815.908 957.419 1039.68 1064.3 1076.37 1353.98 1434.42 1794.51 1795.68 1798.87 1801.06 1801.36 1801.59 
377.872 378.652 424.743 426.413 429.131 429.441 430.287 434.266 434.84 435.102 435.41 435.759 436.383 436.513 436.854 437.427 437.851 437.996 442.576 487.309 490.137 490.896 491.756 568.297 571.867 573.868 575.558 575.897 576.851 576.923 578.175 583.777 584.692 584.902 585.186 778.193 779.89 784.156 787.418 787.769 790.452 792.859 824.626 828.94 864.511 1008.04 1043.57 1787.36 1799.26 1801.07 
423.355 425.187 426.614 429.582 431.362 434.145 434.766 435.408 435.453 435.526 435.972 436.26 437.758 438.304 441.861 486.555 487.423 489.331 490.181 491.386 491.67 491.8 568.368 568.973 571.913 572.629 575.068 575.176 577.402 583.786 776.441 778.681 780.957 784.367 788.656 806.15 809.034 809.269 810.719 820.082 823.339 824.821 832.234 974.475 1026.91 1045.13 1798 1798.35 1798.81 1799.57 
379.983 381.302 382.719 425.896 428.685 430.078 430.563 430.787 435.194 435.306 435.548 435.997 436.121 436.171 436.975 437.149 437.193 437.889 439.629 452.494 487.69 488.958 568.296 572.162 575.358 575.658 576.276 577.441 581.33 670.09 700.566 778.999 779.66 780.206 787.384 790.958 791.124 793.506 794.527 816.191 817.116 831.714 914.471 983.112 1011.03 1019.71 1097.37 1098.2 1800.76 1800.78 
383.797 386.186 386.937 428.751 433.693 433.965 435.152 435.225 435.281 436.236 436.872 437.04 437.042 437.478 460.404 485.871 487.068 491.305 492.199 493.169 509.468 571.374 571.989 576.249 577.587 683.994 703.906 709.324 783.146 784.407 785.989 790.361 791.967 793.62 811.522 829.638 889.254 916.98 1027.73 1036.13 1043.74 1045.62 1045.88 1075.95 1079.73 1102.85 1770.87 1788.56 1797.98 1801.38 
376.272 381.386 387.565 428.805 428.84 429.688 429.786 433.96 433.982 434.79 434.895 435.322 435.531 435.834 436.47 436.89 437.037 437.201 441.113 473.897 487.418 487.694 491.127 491.921 570.03 574.077 574.509 574.987 693.329 785.7 786.128 787.697 788.308 788.997 790.086 793.633 833.432 892.298 928.35 931.622 1037.75 1102.57 1153.99 1158 1165.12 1206.64 1258.53 1798.06 1798.16 1801.24 
381.772 385.953 420.108 424.873 426.911 427.889 428.091 428.415 430.233 430.255 433.756 433.97 435.168 435.605 436.13 439.226 486.288 492.122 547.74 571.677 572.482 573.191 573.414 576.518 623.094 783.043 783.918 784.235 786.734 786.923 787.25 789.829 790.033 790.719 792.158 795.981 798.499 817.381 828.196 833.422 929.801 1044.32 1050.61 1060.07 1077.5 1078.95 1456.32 1669.06 1801.2 1801.59 
375.595 379.899 433.761 435.941 437.609 437.834 486.131 489.785 490.522 490.526 535.838 568.019 568.339 572.257 573.034 574.59 575.008 575.139 575.177 575.561 575.601 575.62 575.965 744.301 779.85 785.252 786.05 787.172 787.855 788.765 791.061 791.135 791.195 793.174 796.778 806.721 808.436 810.119 831.269 833.898 869.126 895.92 929.96 1013.48 1087.43 1101.85 1381.94 1709.03 1794.73 1800.16 
375.408 377.448 382.516 430.137 430.704 431.084 434.49 434.585 434.668 435.001 435.124 436.433 436.512 438.133 490.17 490.665 491.693 570.281 571.569 572.64 575.337 576.359 577.485 578.149 607.555 736.747 762.557 784.436 787.033 788.731 791.991 792.262 794.871 815.152 823.338 834.937 927.92 998.073 1007.94 1028.11 1028.21 1032.99 1043.27 1273.06 1386.5 1427.09 1799.12 1799.86 1800.65 1801.59 
386.313 429.384 431.111 434.86 436.488 566.142 567.013 568.314 569.5 573.211 574.575 576.036 577.597 778.614 782.717 784.168 787.596 787.72 787.817 788.694 790.835 791.221 792.954 793.203 812.308 815.785 816.758 823.346 834.681 1048.18 1049.68 1104.14 1160.61 1382.33 1426.55 1444.06 1450.96 1520.57 1650.68 1657.46 1759.47 1790.34 1796.37 1796.8 1798.37 1800.67 1800.82 1801.59 1801.59 1801.6 
375.884 430.305 485.28 486.678 487.482 488.12 537.584 571.166 571.726 577.302 577.973 782.96 783.379 785.316 789.239 791.288 791.379 791.623 792.454 792.683 794.149 796.665 797.304 810.946 822.673 891.439 901.222 1029.37 1029.84 1040.28 1041.11 1044.97 1046.33 1051.88 1207.98 1437.77 1713.73 1798.32 1798.84 1799.17 1800.57 1801.13 1801.44 1801.47 1801.52 1801.58 1801.59 1801.59 1801.59 1801.6 
372.374 426.095 428.862 434.388 435.567 439.221 488.71 568.154 570.407 571.079 573.057 755.9 776.849 778.122 784.101 785.893 786.09 786.922 788.314 792.218 794.247 810.391 814.117 821.19 826.331 869.842 978.537 1007.71 1014.25 1014.38 1035.69 1037.12 1037.39 1040.39 1072.06 1081.61 1143.6 1201.96 1216.93 1304.09 1427.13 1439.78 1670.95 1796.56 1801.46 1801.46 1801.58 1801.58 1801.59 1801.59 
427.466 431.389 433.688 434.97 435.301 435.473 435.555 464.771 486.586 490.508 536.708 571.091 774.791 783.271 786.34 789.227 792.119 794.07 794.193 794.523 794.826 796.512 798.481 809.693 815.538 817.989 1010.03 1029.77 1037.01 1040.32 1045.79 1046.09 1063.42 1101.15 1216.08 1424.65 1649.56 1657.54 1797.08 1797.35 1798.03 1800.33 1800.87 1800.97 1801.49 1801.58 1801.58 1801.58 1801.59 1801.59 
381.277 430.51 434.047 434.626 434.717 439.16 491.895 541.662 568.541 575.152 607.36 648.674 778.023 780.292 781.638 782.178 784.897 786.535 789.576 792.618 805.312 807.398 974.819 1012.67 1028.67 1029.28 1039.75 1042.24 1059.84 1060.98 1238 1375.95 1406.5 1407.77 1427.14 1436.93 1442.31 1648.94 1657.62 1657.84 1795.36 1797.28 1797.91 1800.52 1800.6 1801.06 1801.2 1801.36 1801.58 1801.59 
385.644 428.671 434.454 434.577 434.639 434.808 435.334 563.14 567.613 571.159 573.458 630.842 775.821 777.151 784.642 788.907 791.357 792.25 794.764 795.241 796.901 801.942 804.619 810.653 819.539 824.308 973.599 976.469 1034.86 1034.92 1040.89 1087.18 1134.07 1278.88 1381.46 1382.39 1426.1 1429.92 1649.5 1649.59 1658.37 1760.31 1799.12 1800.59 1801.16 1801.51 1801.58 1801.58 1801.59 1801.6 
490.871 566.875 570.122 576.135 577.029 585.677 698.139 787.525 788.021 788.443 788.789 789.731 791.973 793.614 794.999 796.815 805.425 812.075 816.758 817.61 818.007 823.143 824.691 825.238 827.147 901.594 914.867 1027.03 1037.63 1042.78 1045.44 1347.64 1424.95 1659.51 1672.95 1786.09 1789.46 1789.48 1798.12 1800.21 1800.73 1801.5 1801.52 1801.58 1801.58 1801.58 1801.58 1801.58 1801.59 1801.59 
427.622 434.069 496.148 574.114 681.707 786.548 788.424 789.854 792.642 792.676 793.266 794.334 794.462 794.844 799.593 813.266 820.548 980.628 1002.18 1026.99 1031.17 1038.18 1041.64 1053.4 1081.97 1353.44 1379.49 1425.43 1440.4 1647.05 1647.66 1658.68 1659.69 1673.27 1785.71 1798.19 1799.01 1799.49 1800.64 1800.82 1800.94 1801.15 1801.43 1801.58 1801.58 1801.58 1801.59 1801.59 1801.59 1801.59 
491.121 784.879 793.042 794.922 795.347 799.03 1019.65 1032.71 1035.36 1041.86 1042.93 1046.34 1047.75 1052.3 1056.16 1067.26 1337.55 1341.69 1351.16 1351.43 1369.99 1424.83 1432.78 1649.18 1657.26 1657.73 1658.29 1658.38 1768.59 1771.19 1785.12 1796.7 1797.92 1797.92 1799.43 1800.4 1800.61 1800.84 1801.36 1801.49 1801.5 1801.54 1801.58 1801.58 1801.58 1801.59 1801.59 1801.59 1801.59 1801.59 
782.077 787.97 791.138 794.755 818.352 822.063 1041.55 1041.88 1095.51 1349.2 1373.51 1382.63 1439.78 1647.15 1649.41 1659.28 1794 1794.57 1794.93 1797.23 1797.88 1798.28 1799.22 1799.24 1799.66 1800.03 1800.09 1800.49 1800.67 1800.69 1800.82 1800.84 1800.89 1800.99 1801.04 1801.08 1801.2 1801.21 1801.28 1801.33 1801.57 1801.58 1801.58 1801.58 1801.58 1801.58 1801.58 1801.58 1801.59 1801.59 
491.11 796.871 979.099 1037.82 1042.56 1102.67 1331.6 1340.14 1347.31 1349.89 1354.71 1359.12 1426.09 1427.88 1649.06 1657.21 1659.63 1665.89 1667.46 1708 1776.52 1790.98 1795.35 1795.63 1797.6 1797.63 1797.88 1797.91 1798.5 1798.86 1799.82 1800.02 1800.16 1800.45 1800.59 1801.17 1801.29 1801.35 1801.44 1801.58 1801.58 1801.58 1801.58 1801.58 1801.58 1801.58 1801.59 1801.59 1801.59 1801.59 
436.216 574.967 789.105 796.29 1030.88 1038.94 1043.81 1044.23 1049.4 1273.1 1351.99 1352.75 1354.86 1364.08 1374.04 1379.27 1647.67 1648.07 1649.79 1657.79 1740.95 1764.17 1793.01 1795.62 1795.98 1796.41 1798.17 1798.35 1799.33 1799.68 1799.69 1800.08 1800.59 1800.6 1801.23 1801.26 1801.49 1801.56 1801.58 1801.58 1801.58 1801.58 1801.58 1801.58 1801.59 1801.59 1801.59 1801.59 1801.59 1801.59 
542.804 785.989 789.466 798.381 809.221 817.635 829.956 1030.27 1037.29 1042.44 1044.29 1047.36 1049.37 1055.15 1057.63 1076.36 1339.06 1350.68 1354.21 1382.03 1647.04 1649.43 1657.84 1711.98 1736.8 1785.47 1790.92 1795.26 1796.16 1799.36 1799.95 1800.69 1800.84 1801.23 1801.52 1801.54 1801.55 1801.58 1801.58 1801.58 1801.58 1801.58 1801.58 1801.58 1801.58 1801.58 1801.58 1801.59 1801.59 1801.6 
785.574 793.465 799.671 802.313 814.568 814.763 814.791 821.203 824.229 982.005 994.866 1034.64 1036.2 1041.39 1042.52 1042.94 1047.18 1049.1 1051.13 1185.43 1342.03 1342.36 1353.99 1356.27 1374.06 1433.43 1575.69 1648.97 1659.3 1794.59 1795.63 1797.24 1797.37 1798.96 1799.26 1799.8 1800.03 1801.11 1801.58 1801.58 1801.58 1801.58 1801.58 1801.58 1801.58 1801.58 1801.58 1801.59 1801.59 1801.59 
779.043 790.386 810.627 811.557 1042.64 1042.93 1044.53 1045.19 1045.25 1045.62 1046.62 1049.1 1076.81 1344.39 1358.11 1427.49 1741.04 1750.9 1768.72 1771.16 1784.4 1798.96 1799.73 1799.84 1799.96 1799.97 1800.15 1800.83 1801.17 1801.57 1801.58 1801.58 1801.58 1801.58 1801.58 1801.58 1801.58 1801.58 1801.58 1801.58 1801.58 1801.58 1801.58 1801.58 1801.59 1801.59 1801.59 1801.59 1801.59 1801.59 
811.901 814.179 815.234 1016.89 1031.05 1036.93 1039.49 1041.93 1045.34 1046.03 1052.71 1153.69 1255.47 1269.02 1342.17 1351.05 1354.5 1371.12 1374.92 1396.32 1437.98 1647.85 1787.48 1793.2 1795.83 1795.93 1796.39 1797.38 1798.19 1798.68 1799.38 1799.91 1800.57 1800.71 1801.55 1801.58 1801.58 1801.58 1801.58 1801.58 1801.58 1801.58 1801.59 1801.59 1801.59 1801.59 1801.59 1801.59 1801.59 1801.59 
811.51 820.292 821.753 1035.57 1037.82 1038.33 1039.09 1040.68 1043.66 1044.76 1045.63 1047.02 1047.84 1054.42 1054.96 1349.94 1351.86 1360.95 1375.65 1378.31 1391.17 1431.37 1581.7 1617.97 1788.6 1790.6 1793.27 1797.52 1799.22 1801.56 1801.57 1801.58 1801.58 1801.58 1801.58 1801.58 1801.58 1801.58 1801.58 1801.59 1801.59 1801.59 1801.59 1801.59 1801.59 1801.59 1801.59 1801.59 1801.59 1801.59 
814.2 830.373 1019.03 1022.25 1022.51 1037.69 1040.61 1041.56 1044.55 1340.01 1342.62 1345.13 1347.53 1347.8 1355.39 1357.1 1388.16 1780.86 1780.93 1781.24 1782.29 1784.79 1786.47 1789.5 1790.73 1797.34 1797.64 1800.07 1800.42 1801.31 1801.51 1801.58 1801.58 1801.58 1801.58 1801.58 1801.58 1801.58 1801.58 1801.58 1801.58 1801.59 1801.59 1801.59 1801.59 1801.59 1801.59 1801.59 1801.59 1801.59 
801.608 802.308 814.031 820.888 1020.07 1038 1038.78 1040.71 1043.86 1045.98 1050.18 1054.81 1058.79 1159.67 1243.65 1278.13 1353.55 1354.31 1426.12 1570.59 1720.67 1721.56 1767.89 1795.08 1796.46 1797.76 1800.17 1800.54 1800.6 1801.19 1801.28 1801.3 1801.41 1801.47 1801.56 1801.57 1801.58 1801.58 1801.58 1801.58 1801.58 1801.58 1801.58 1801.58 1801.58 1801.58 1801.58 1801.59 1801.59 1801.59 
418.079 802.827 814.649 1022.38 1035.73 1037.19 1039.96 1040.49 1044.56 1047.08 1048.02 1062.62 1243.7 1344.6 1346.5 1347.75 1350.47 1352.07 1354.29 1356.99 1372.61 1377.15 1687.33 1755.72 1793.84 1793.97 1795.3 1795.78 1796.67 1797.88 1799.56 1800.98 1801.55 1801.55 1801.56 1801.58 1801.58 1801.58 1801.58 1801.58 1801.58 1801.58 1801.58 1801.58 1801.59 1801.59 1801.59 1801.59 1801.59 1801.59 
805.978 819.428 1028 1029.5 1037.98 1038.82 1043.86 1046.43 1047.4 1067.39 1336.84 1337.05 1337.91 1338.7 1338.88 1345.42 1346.69 1349.33 1349.74 1353.18 1354.75 1356.63 1361.5 1381.43 1758.82 1783.22 1784.7 1796.36 1798.81 1798.86 1799.85 1800.16 1800.62 1800.64 1800.98 1801.1 1801.2 1801.57 1801.58 1801.58 1801.58 1801.58 1801.59 1801.59 1801.59 1801.59 1801.59 1801.59 1801.59 1801.59 
803.915 812.142 812.286 816.134 1036.3 1042.39 1044.35 1044.55 1045.47 1047.27 1048.89 1051.45 1054.21 1055.87 1058.1 1283.48 1351.2 1352.17 1354.78 1355.89 1356.01 1359.28 1373.61 1379.09 1721.42 1781.03 1787.84 1789.32 1799.56 1799.75 1800.34 1801.19 1801.2 1801.5 1801.58 1801.58 1801.58 1801.58 1801.58 1801.58 1801.58 1801.58 1801.58 1801.58 1801.58 1801.58 1801.59 1801.59 1801.59 1801.59 
979.309 1017.01 1021.68 1029.3 1040.14 1041.83 1042.36 1045.2 1053.05 1056.71 1062.49 1152.13 1347.28 1347.76 1348.25 1351.06 1370.51 1380.43 1381.16 1382.82 1594.63 1729.51 1795.55 1796.01 1799.59 1799.98 1800.08 1800.38 1801.19 1801.25 1801.5 1801.58 1801.58 1801.58 1801.58 1801.58 1801.58 1801.58 1801.58 1801.58 1801.58 1801.59 1801.59 1801.59 1801.59 1801.59 1801.59 1801.59 1801.59 1801.59 
808.474 816.604 838.395 987.063 1043.4 1045.21 1045.27 1047.33 1047.78 1049.96 1052.7 1074.29 1336.73 1343.93 1349.95 1352.91 1360.12 1462.78 1724.43 1779.79 1784.47 1788.74 1796.81 1797.17 1797.8 1798.38 1799.55 1800.6 1801.43 1801.51 1801.57 1801.58 1801.58 1801.58 1801.58 1801.58 1801.58 1801.59 1801.59 1801.59 1801.59 1801.59 1801.59 1801.59 1801.59 1801.59 1801.59 1801.59 1801.59 1801.59 
808.814 1031.55 1038.8 1039.97 1043.93 1044.07 1044.69 1045.48 1046.54 1046.63 1047.24 1047.78 1179.97 1270.1 1274.22 1345.57 1346.37 1350.72 1357.76 1359.02 1377.1 1495.77 1716.66 1781.54 1787.88 1788.43 1793.55 1793.68 1796.39 1797.75 1798.3 1798.3 1798.97 1800.13 1800.19 1800.47 1800.73 1800.83 1801.23 1801.53 1801.58 1801.58 1801.58 1801.58 1801.58 1801.58 1801.59 1801.59 1801.59 1801.59 
813.134 813.715 1031.22 1033.96 1039.92 1041.24 1041.9 1042.04 1042.22 1044.81 1045.25 1048.23 1048.81 1051.85 1058.74 1342.26 1345.84 1349.18 1352 1353.33 1354.52 1358.04 1358.36 1762.62 1779.53 1786.96 1787.49 1788.52 1791.07 1794.04 1795.27 1795.42 1798.38 1799.96 1800.91 1801.3 1801.58 1801.58 1801.58 1801.58 1801.59 1801.59 1801.59 1801.59 1801.59 1801.59 1801.59 1801.59 1801.59 1801.59 
806.353 981.584 1020.5 1037.5 1037.81 1039.91 1042.02 1042.26 1044.07 1335.97 1337.92 1348.28 1350.29 1350.3 1351.53 1351.89 1358.15 1380.64 1384.11 1396.45 1399.34 1441.86 1775.9 1782.67 1792.96 1794.95 1795.66 1795.76 1797.62 1798.82 1800.32 1800.46 1800.5 1800.78 1801.06 1801.15 1801.58 1801.58 1801.58 1801.58 1801.58 1801.58 1801.58 1801.58 1801.58 1801.59 1801.59 1801.59 1801.59 1801.59 
818.786 1011.13 1034.66 1037.36 1039.78 1041.43 1044.79 1046.58 1305.28 1341.09 1354.34 1354.58 1354.71 1367.17 1367.7 1390.91 1429.53 1575.7 1659.13 1780.33 1789.65 1790.82 1791.84 1793.02 1793.84 1794.41 1796.38 1797.23 1798.63 1800.19 1800.42 1800.46 1800.49 1800.97 1801.19 1801.32 1801.58 1801.58 1801.58 1801.58 1801.58 1801.58 1801.58 1801.58 1801.59 1801.59 1801.59 1801.59 1801.59 1801.59 
815.233 1039.28 1040.36 1044.71 1044.77 1046.51 1047.09 1054.78 1098.65 1351.11 1353.63 1357.78 1357.84 1358.15 1358.2 1377.27 1389.7 1454.72 1692.89 1777.87 1779.53 1790 1793.49 1794.31 1798.93 1799.29 1799.52 1800.04 1801.02 1801.27 1801.32 1801.58 1801.58 1801.58 1801.58 1801.58 1801.58 1801.58 1801.58 1801.58 1801.59 1801.59 1801.59 1801.59 1801.59 1801.59 1801.59 1801.59 1801.59 1801.59 
802.548 814.877 817.633 818.348 830.554 838.829 1030.93 1033.17 1040.48 1040.94 1041.51 1041.59 1052.11 1260.24 1333.07 1337.66 1339.06 1346.46 1354.2 1354.49 1356.61 1364.61 1371.84 1384.12 1754.87 1777.92 1786.36 1791.42 1792.26 1795.71 1796.89 1797.96 1798.84 1799.09 1799.47 1799.53 1800.83 1800.89 1800.97 1801.41 1801.46 1801.49 1801.53 1801.58 1801.58 1801.58 1801.59 1801.59 1801.59 1801.59 
804.063 812.692 829.917 1028.34 1028.42 1033.38 1037.44 1037.66 1038 1040.78 1042.08 1042.78 1043.17 1047.18 1048.04 1053.69 1258.27 1277.5 1343.42 1343.49 1351.89 1359.6 1378.77 1381.43 1386.32 1660.83 1791.95 1793.19 1795.84 1798.95 1799.94 1800.25 1801.24 1801.34 1801.42 1801.47 1801.54 1801.58 1801.58 1801.58 1801.58 1801.58 1801.58 1801.58 1801.58 1801.58 1801.59 1801.59 1801.59 1801.59 
809.279 818.711 989.817 1030.43 1030.98 1031.45 1036.07 1040.84 1041.43 1042.03 1043.27 1044.54 1046.21 1049.05 1051.08 1051.38 1052.11 1063.45 1099.48 1256.09 1346.64 1346.82 1354.54 1354.6 1356.08 1356.14 1356.75 1358.04 1359.07 1363.64 1373.74 1464.07 1797.94 1799.38 1799.89 1800.37 1800.53 1800.67 1800.76 1800.76 1801.4 1801.58 1801.58 1801.58 1801.58 1801.58 1801.58 1801.59 1801.59 1801.59 
807.671 815.665 1034.75 1041.95 1045.79 1046.59 1048.32 1054.08 1058.31 1257.81 1266.33 1269.74 1335.65 1345.53 1347.34 1350.06 1353.14 1353.66 1360.03 1373.28 1376.24 1382.41 1384.1 1403.15 1794.73 1794.95 1796.64 1797.4 1798.37 1800.09 1800.32 1800.41 1800.78 1801.12 1801.2 1801.21 1801.51 1801.56 1801.58 1801.58 1801.58 1801.58 1801.58 1801.58 1801.58 1801.58 1801.58 1801.58 1801.59 1801.59 
813.908 818.062 818.241 823.51 985.801 1018.54 1022.58 1027.39 1036.13 1040.31 1041.85 1045.11 1051.33 1060.7 1336.97 1341.7 1345.85 1347.77 1351.07 1353.25 1353.43 1354.41 1355.22 1356.38 1356.86 1357.57 1371.71 1373.63 1398.07 1792.22 1795.94 1796.68 1798.33 1798.64 1799.13 1799.22 1799.94 1801.25 1801.44 1801.58 1801.58 1801.58 1801.58 1801.58 1801.59 1801.59 1801.59 1801.59 1801.59 1801.59 
801.686 805.52 810.993 811.673 811.958 812.73 813.173 813.668 816.698 822.602 987.378 1031.27 1032.22 1036.4 1040.09 1041.18 1041.62 1042.42 1050.88 1339.08 1339.46 1340.71 1341.22 1345.41 1352.48 1357.24 1361.28 1416.79 1786.85 1793.58 1799.59 1800.38 1801.31 1801.31 1801.58 1801.58 1801.58 1801.58 1801.58 1801.58 1801.58 1801.58 1801.58 1801.59 1801.59 1801.59 1801.59 1801.59 1801.59 1801.59 
805.49 808.831 811.811 813.883 996.576 1005.3 1016.04 1017.5 1027.32 1029.11 1033.54 1039.11 1040.71 1046.59 1047.15 1049 1051.58 1056.02 1058.74 1261.66 1346.79 1353.33 1354.87 1356.39 1360.17 1364.07 1386.95 1784.13 1790.91 1793.62 1794.16 1798.16 1799.31 1801.49 1801.57 1801.58 1801.58 1801.58 1801.58 1801.58 1801.58 1801.58 1801.58 1801.58 1801.59 1801.59 1801.59 1801.59 1801.59 1801.59 
803.564 805.793 812.592 813.502 814.508 814.686 818.369 981.127 1031.2 1035.96 1039.81 1039.91 1042.29 1043.5 1046.19 1049.98 1057.69 1321.16 1338.82 1343.6 1345.8 1348.09 1352.78 1354.92 1355.56 1358.2 1360.94 1367.55 1383.97 1450.04 1791.43 1793.68 1800.64 1800.77 1801.31 1801.58 1801.58 1801.58 1801.58 1801.58 1801.58 1801.58 1801.58 1801.58 1801.59 1801.59 1801.59 1801.59 1801.59 1801.59 
805.096 807.81 810.495 811.466 983.305 1025.77 1026.98 1027.67 1031.03 1040.56 1047.43 1049.12 1050 1056.61 1058.72 1339.62 1344.28 1344.9 1345.07 1345.61 1346.65 1347.94 1348.3 1350.19 1351.54 1355.14 1355.7 1359 1359.84 1372.83 1417.49 1572.8 1771.61 1794.78 1796.23 1799.37 1799.4 1801.58 1801.58 1801.58 1801.58 1801.58 1801.58 1801.58 1801.58 1801.58 1801.59 1801.59 1801.59 1801.59 
811.062 818.531 1021.15 1023.26 1033.16 1034.52 1046.43 1055.22 1057.05 1059.06 1059.42 1059.95 1063.96 1338.47 1338.83 1339.57 1340.35 1343.51 1347.64 1347.69 1348 1349.34 1353.04 1353.41 1354.5 1355.81 1355.83 1355.93 1361.39 1386.94 1408.28 1431.6 1781.38 1791.6 1796.13 1800 1800.85 1800.98 1801.2 1801.24 1801.36 1801.58 1801.58 1801.58 1801.58 1801.58 1801.58 1801.59 1801.59 1801.59 
811.003 1016.56 1025.03 1029.79 1041.21 1045.7 1057.48 1085.79 1273.96 1341.5 1345.16 1347.36 1349.41 1352.65 1355.03 1355.55 1355.73 1358.91 1362.94 1363.69 1537.65 1781.86 1790.73 1798.54 1799.63 1800.17 1800.76 1801.12 1801.27 1801.38 1801.52 1801.57 1801.58 1801.58 1801.58 1801.58 1801.58 1801.58 1801.58 1801.58 1801.58 1801.58 1801.58 1801.59 1801.59 1801.59 1801.59 1801.59 1801.59 1801.59 
807.152 813.971 819.151 832.467 1009.95 1038.81 1041.71 1045.47 1045.55 1047.41 1048.6 1137.21 1211.82 1341.34 1344.05 1344.2 1344.87 1346.32 1354.66 1355.07 1357.19 1361.32 1379.13 1411.4 1575.13 1787.76 1794.48 1795.93 1796.28 1796.68 1797.16 1797.87 1799.39 1801.54 1801.58 1801.58 1801.58 1801.58 1801.58 1801.58 1801.58 1801.58 1801.58 1801.58 1801.58 1801.59 1801.59 1801.59 1801.59 1801.59 
809.265 811.346 983.95 1016.27 1020.13 1021.29 1023.91 1025.28 1028.8 1030.67 1032.62 1039.93 1042.51 1042.54 1043.01 1045.94 1056.34 1057.51 1063.66 1083.17 1343.71 1351.21 1353.01 1354.16 1354.28 1355.19 1356.1 1363.01 1364.8 1365.72 1368.12 1372.11 1407.9 1426.41 1796.71 1797.67 1798.69 1799.29 1800.27 1800.73 1800.93 1801.58 1801.58 1801.58 1801.58 1801.58 1801.58 1801.59 1801.59 1801.59 
797.788 812.968 816.016 817.506 1020.84 1023.7 1023.75 1028.48 1032.46 1039.23 1039.67 1040.51 1043.37 1044.37 1047.66 1050.35 1056.29 1307.54 1342.44 1344.23 1344.34 1345.07 1345.11 1345.96 1349.04 1349.05 1353.96 1354.43 1356.47 1372.92 1554.2 1789.81 1793.59 1796.86 1798.73 1801.42 1801.52 1801.58 1801.58 1801.58 1801.58 1801.58 1801.58 1801.58 1801.58 1801.58 1801.58 1801.59 1801.59 1801.59 
808.227 811.166 1016.73 1027.01 1037.97 1041.52 1046.7 1047.03 1048.44 1049.68 1053.2 1053.92 1057.86 1338.15 1340.59 1346.29 1348.36 1349.2 1351.83 1353.74 1354.29 1356.63 1356.72 1356.74 1360.7 1362.45 1368.05 1375.15 1383.32 1722.34 1778.89 1786.74 1790.15 1790.68 1795.35 1799.29 1799.73 1800.1 1801.36 1801.58 1801.58 1801.58 1801.58 1801.58 1801.58 1801.58 1801.59 1801.59 1801.59 1801.59 
809.783 818.163 818.269 820.273 1026.41 1031.59 1032.21 1036.48 1037.79 1038.75 1041.03 1044.19 1046.13 1047.27 1049.32 1051.26 1053.45 1059.88 1340.11 1343.8 1346.18 1348.61 1351.23 1353.73 1354.49 1358.33 1363.46 1378.84 1385.9 1386.2 1746.66 1768.44 1793.62 1793.75 1794.72 1796.36 1797.09 1801.55 1801.56 1801.56 1801.58 1801.58 1801.58 1801.58 1801.58 1801.58 1801.58 1801.58 1801.58 1801.59 
807.936 808.708 986.443 1010.43 1019.83 1020.92 1023.02 1023.6 1025.53 1025.77 1027.61 1032.94 1040.67 1043.27 1049.49 1061.4 1081.22 1339.59 1340.92 1343.52 1343.78 1347.94 1349.6 1349.74 1355.3 1355.84 1357.16 1357.45 1358.05 1372.8 1381.61 1669.67 1792.54 1796.53 1798.49 1798.64 1799.55 1800.71 1801.53 1801.58 1801.58 1801.58 1801.58 1801.58 1801.59 1801.59 1801.59 1801.59 1801.59 1801.59 
808.863 977.504 995.669 1014.99 1017.02 1023.29 1024.37 1025.07 1031.35 1037.55 1039.5 1041.01 1042.55 1044.19 1047.1 1048.14 1050.77 1051.06 1316.7 1341.55 1344.04 1348.77 1355.62 1356.77 1356.92 1357.27 1362.6 1380.57 1386.61 1423.66 1423.71 1431.59 1794.17 1801.58 1801.58 1801.58 1801.58 1801.58 1801.58 1801.58 1801.58 1801.58 1801.59 1801.59 1801.59 1801.59 1801.59 1801.59 1801.59 1801.59 
815.435 1011.94 1023.18 1025.6 1030.76 1035.15 1039.39 1040.75 1043.44 1043.95 1046.55 1048.46 1051.13 1051.59 1053.3 1057.95 1343.5 1345.6 1345.66 1350.12 1352.34 1353.46 1353.56 1354.33 1355.26 1356.28 1356.65 1357.21 1357.88 1364.22 1369.58 1375.46 1388.61 1782.15 1795.02 1799.62 1799.91 1799.99 1800.93 1801.52 1801.52 1801.58 1801.58 1801.58 1801.58 1801.58 1801.58 1801.58 1801.59 1801.59 
814.347 1027.23 1031.02 1035.34 1036.85 1038.71 1039.27 1039.49 1043.59 1044.46 1047.66 1047.95 1048.85 1051.16 1051.71 1051.94 1054.92 1058.53 1084.42 1335.42 1337.38 1340.28 1345.34 1346.09 1349.91 1352.45 1353.59 1357.27 1359.92 1364.15 1365 1365.5 1366.45 1408.8 1760.39 1795.66 1797.8 1800.13 1800.96 1801.35 1801.53 1801.58 1801.58 1801.58 1801.59 1801.59 1801.59 1801.59 1801.59 1801.59 
808.157 810.931 815.233 820.993 997.799 1019.41 1031.78 1033.02 1034.23 1040.22 1040.45 1042.55 1043.02 1044.2 1051.83 1061.75 1341.65 1345.23 1346.61 1347.18 1347.45 1349.11 1349.21 1350.42 1350.6 1351.55 1352.57 1354.5 1355.53 1356.71 1358.43 1362.7 1438.3 1714.67 1796.56 1799.61 1801.19 1801.31 1801.41 1801.58 1801.58 1801.58 1801.58 1801.59 1801.59 1801.59 1801.59 1801.59 1801.59 1801.59 
807.53 814.069 1009 1009.79 1021.79 1026.1 1026.23 1026.43 1027.48 1027.87 1030.74 1040.25 1040.53 1040.79 1043.4 1046.61 1046.98 1050.05 1052.48 1053.42 1061.35 1346.28 1348.16 1348.71 1352.93 1353.88 1354.54 1355.84 1357.71 1357.85 1362.4 1370.63 1376.96 1387.43 1798.39 1799.31 1801.43 1801.57 1801.58 1801.58 1801.58 1801.58 1801.59 1801.59 1801.59 1801.59 1801.59 1801.59 1801.59 1801.59 
800.352 804.394 805.387 823.186 1020.11 1027.18 1035.98 1042.85 1045.67 1046.84 1047.32 1047.98 1050.66 1058.25 1344.75 1346.04 1348.34 1348.55 1349.85 1351.36 1352.36 1353.21 1354.19 1355.05 1355.78 1355.98 1356.7 1356.96 1356.98 1357.64 1357.89 1358.72 1359.12 1363.16 1371.75 1801.58 1801.58 1801.58 1801.58 1801.58 1801.58 1801.58 1801.58 1801.58 1801.59 1801.59 1801.59 1801.59 1801.59 1801.59 
813.215 813.993 816.345 1023.38 1030.04 1031.1 1035.68 1035.79 1041.83 1043.97 1044.12 1049.56 1058.08 1341.8 1347.06 1352.18 1352.27 1352.83 1353.8 1353.97 1354.09 1354.28 1354.77 1355.2 1355.44 1357.09 1357.58 1357.88 1364 1378.76 1787.24 1793.8 1801.55 1801.58 1801.58 1801.58 1801.58 1801.58 1801.58 1801.58 1801.58 1801.59 1801.59 1801.59 1801.59 1801.59 1801.59 1801.59 1801.59 1801.59 
818.372 1013.63 1033.93 1038.55 1039.34 1040.42 1042.91 1043.43 1043.47 1046.03 1047.29 1049.33 1051.24 1054.11 1056.33 1284 1339.63 1343.32 1345.67 1346.46 1349.53 1349.56 1351.96 1353.19 1355.39 1356.99 1357.52 1358.24 1359.25 1362.2 1379.47 1381.02 1381.44 1799.08 1800.67 1801.5 1801.58 1801.58 1801.58 1801.58 1801.58 1801.58 1801.58 1801.58 1801.58 1801.58 1801.58 1801.59 1801.59 1801.59 
809.503 1022.5 1025.81 1034.11 1037.46 1039.13 1042 1044.26 1048.2 1049.67 1049.83 1053.58 1057.07 1062.55 1065.13 1346.19 1350.71 1351.61 1352.54 1355.61 1356.57 1357.53 1371.29 1373.7 1375.89 1383.61 1450.81 1680.82 1789.2 1795.07 1797.65 1798.31 1799.77 1801.55 1801.58 1801.58 1801.58 1801.58 1801.58 1801.58 1801.58 1801.58 1801.58 1801.58 1801.59 1801.59 1801.59 1801.59 1801.59 1801.59 
813.681 820.68 1018.16 1019.05 1030.51 1033.78 1036.61 1036.8 1039.23 1042.86 1042.88 1043.32 1043.77 1044.44 1044.77 1044.98 1045.91 1046.73 1118.63 1251.84 1342.75 1349.96 1350.08 1350.48 1354.95 1357.14 1361.89 1380.59 1382.18 1426.58 1485.2 1778.58 1796.82 1799.53 1801.02 1801.55 1801.58 1801.58 1801.58 1801.58 1801.58 1801.58 1801.58 1801.58 1801.58 1801.59 1801.59 1801.59 1801.59 1801.59 
817.425 1018.15 1022.44 1027.95 1028.22 1029.37 1035.85 1037.73 1041.38 1043.24 1047.16 1047.66 1048.14 1050.84 1055.49 1064.3 1340.42 1340.76 1350.14 1353.31 1357.05 1365.05 1379.41 1382.66 1431.78 1726.72 1787.01 1795.67 1796.44 1796.46 1797.64 1798.04 1799.86 1800.21 1800.27 1800.73 1801.22 1801.35 1801.58 1801.58 1801.58 1801.58 1801.58 1801.58 1801.58 1801.58 1801.59 1801.59 1801.59 1801.59 
1011.7 1011.71 1035.22 1036.73 1041.07 1050.9 1052.53 1053.36 1056.94 1078.18 1175.99 1307.09 1339.88 1340.09 1348.52 1350.25 1350.99 1351.25 1352.58 1353.77 1355.87 1356.6 1359.15 1365.66 1366.21 1376.06 1480.67 1494.55 1792.99 1794.51 1798.48 1799.95 1800.17 1800.26 1800.41 1801.53 1801.57 1801.58 1801.58 1801.58 1801.58 1801.58 1801.58 1801.58 1801.58 1801.58 1801.58 1801.58 1801.59 1801.59 
