709.955 711.587 447.921 709.834 443.021 710.095 711.711 710.829 709.916 711.711 456.504 711.671 575.45 710.705 154.238 335.054 711.711 172.253 439.592 711.71 711.71 711.666 711.72 711.71 561.388 711.711 586.025 472.696 710.43 710.642 711.713 711.709 710.345 711.312 711.707 711.014 711.684 711.71 175.078 711.693 397.694 711.714 708.713 710.305 711.707 711.712 710.987 711.611 316.683 692.743 
154.238 155.22 171.334 172.253 175.078 175.292 185.603 205.373 216.577 219.429 221.416 290.522 316.683 334.594 335.054 338.831 340.299 355.615 368.421 395.171 397.694 423.117 426.296 426.53 439.592 441.411 443.021 447.921 456.504 469.714 471.407 472.696 561.388 575.45 576.121 586.025 606.625 609.798 610.001 618.377 620.137 637.804 692.743 694.892 704.24 705.016 706.085 708.713 709.423 709.56 
108.987 111.301 113.796 152.819 154.238 155.22 171.334 172.253 173.014 175.078 175.292 185.603 186.193 191.76 197.98 200.549 202.631 205.373 216.577 218.414 219.108 219.429 221.416 290.522 316.683 334.594 335.054 338.831 339.585 340.299 345.715 355.615 357.064 365.358 368.421 395.171 395.823 397.694 423.117 425.653 426.296 426.53 439.592 439.708 441.411 441.666 442.776 443.021 446.443 447.921 
108.987 111.301 113.796 114.631 146.891 147.316 152.819 153.159 154.238 154.847 155.22 158.117 171.314 171.334 172.253 173.014 175.078 175.292 185.603 186.193 188.841 189.963 191.76 194.345 197.98 198.287 200.329 200.549 200.831 202.631 203.398 205.373 216.577 216.872 217.503 218.414 218.475 219.108 219.429 219.478 221.416 289.545 290.522 316.683 333.514 334.594 334.871 335.054 336.529 337.139 
108.159 108.987 111.301 113.796 114.631 146.891 147.316 152.819 153.159 153.477 154.238 154.847 155.22 155.715 156.114 156.216 156.424 158.117 171.314 171.334 171.839 172.227 172.253 173.014 173.066 173.218 175.078 175.292 185.603 186.193 188.165 188.841 188.999 189.963 191.76 194.345 197.98 198.287 200.312 200.329 200.549 200.831 201.614 202.631 203.398 203.754 204.112 205.373 208.987 216.577 
65.8464 108.159 108.987 111.301 113.796 114.631 145.558 146.891 147.316 151.046 152.819 153.159 153.477 154.238 154.588 154.847 155.22 155.715 156.114 156.216 156.424 158.117 158.169 170.767 171.314 171.334 171.839 172.227 172.253 172.6 173.014 173.02 173.049 173.066 173.218 174.856 175.078 175.292 176.349 181.763 185.603 186.193 188.165 188.212 188.841 188.999 189.963 191.465 191.76 194.345 
65.8464 65.9108 87.4913 90.2448 108.159 108.987 109.589 111.301 113.796 114.631 118.271 145.558 145.681 146.891 147.316 151.046 152.819 153.159 153.477 153.748 154.238 154.369 154.588 154.847 154.982 155.22 155.715 156.114 156.216 156.424 158.117 158.169 170.142 170.767 171.314 171.334 171.76 171.839 172.227 172.253 172.6 173.014 173.02 173.049 173.066 173.218 174.624 174.856 175.078 175.162 
65.8464 65.9108 87.0839 87.4913 87.7457 90.2448 108.159 108.987 109.589 111.301 113.796 114.631 118.271 145.558 145.681 146.891 147.316 151.046 152.819 153.159 153.477 153.748 154.238 154.369 154.588 154.847 154.982 155.22 155.715 155.925 156.114 156.216 156.424 158.117 158.169 169.54 170.142 170.767 171.314 171.334 171.76 171.839 172.227 172.253 172.36 172.6 173.014 173.02 173.049 173.066 
65.5275 65.6738 65.8464 65.9108 86.0183 87.0839 87.4913 87.7457 90.2448 96.2174 108.159 108.987 109.589 111.301 113.796 114.558 114.631 115.531 118.271 145.558 145.681 146.891 147.316 148.096 151.046 152.819 153.159 153.477 153.748 154.238 154.369 154.588 154.847 154.921 154.982 155.22 155.679 155.715 155.925 156.114 156.216 156.417 156.424 158.117 158.169 169.54 170.142 170.767 171.314 171.334 
65.5275 65.6738 65.8464 65.9108 86.0183 86.9444 87.0839 87.4913 87.7457 90.2448 96.2174 108.159 108.987 109.589 111.177 111.301 113.796 114.162 114.558 114.631 115.531 118.271 145.558 145.681 146.891 147.316 148.096 151.046 152.492 152.819 153.159 153.477 153.748 154.238 154.369 154.588 154.847 154.921 154.982 155.165 155.22 155.679 155.715 155.925 156.114 156.216 156.417 156.424 156.574 157.899 
65.5275 65.5558 65.6738 65.8464 65.9108 66.5748 67.2095 84.7433 84.9771 86.0183 86.3497 86.9444 87.0839 87.4913 87.7457 90.2448 96.2174 108.159 108.987 109.492 109.589 111.177 111.301 113.796 114.162 114.558 114.631 115.531 117.874 118.108 118.271 143.029 145.558 145.681 146.891 147.316 148.096 151.046 151.557 152.492 152.819 153.159 153.477 153.748 153.965 154.02 154.238 154.369 154.588 154.847 
65.5275 65.5558 65.6738 65.8464 65.9108 66.5748 67.2095 84.7433 84.9771 85.5173 86.0183 86.3497 86.9444 87.0839 87.4913 87.7457 88.2629 90.2448 96.2174 104.625 108.159 108.573 108.987 109.118 109.39 109.492 109.589 111.177 111.301 113.796 114.162 114.558 114.631 115.531 116.061 117.874 118.108 118.271 143.029 145.558 145.681 146.891 147.316 148.096 151.046 151.557 152.492 152.819 153.159 153.477 
65.5275 65.5558 65.6738 65.8464 65.9108 66.5748 67.2095 72.9474 84.7433 84.9771 85.5173 86.0183 86.3497 86.9444 87.0839 87.4913 87.7457 88.2629 88.5028 90.2448 96.2174 104.625 108.159 108.573 108.987 109.118 109.39 109.492 109.589 110.639 111.177 111.301 113.162 113.796 114.162 114.558 114.631 115.198 115.217 115.531 116.061 117.556 117.874 118.108 118.271 143.029 145.558 145.681 146.891 147.316 
65.5275 65.5558 65.6738 65.8464 65.9108 66.5748 67.2095 72.9474 84.7433 84.9771 85.5173 86.0183 86.2293 86.3497 86.3652 86.8412 86.9444 87.0839 87.4913 87.7457 88.2629 88.5028 90.2448 90.8703 96.2174 104.625 108.159 108.573 108.987 109.118 109.39 109.492 109.589 110.639 111.177 111.301 113.162 113.796 114.162 114.558 114.631 115.198 115.217 115.531 116.061 117.556 117.874 118.108 118.271 122.054 
65.5275 65.5558 65.6738 65.8464 65.9108 66.5748 67.2095 72.9474 84.5617 84.7433 84.8202 84.9771 85.5173 86.0183 86.2293 86.3497 86.3652 86.5393 86.6728 86.8412 86.9444 87.0839 87.4913 87.7457 88.2629 88.5028 89.4455 90.2448 90.8703 96.2174 104.625 108.159 108.573 108.987 109.118 109.39 109.447 109.492 109.589 110.639 111.177 111.301 111.985 112.892 113.162 113.796 114.162 114.558 114.631 115.198 
63.9501 65.5275 65.5558 65.6738 65.769 65.8464 65.9108 66.5748 67.2095 72.9474 83.3341 84.5617 84.7433 84.8202 84.9771 85.5173 86.0183 86.2078 86.2293 86.3497 86.3652 86.5393 86.6575 86.6608 86.6728 86.8412 86.9444 87.0839 87.4913 87.7457 88.2629 88.2696 88.5028 89.4455 89.5654 90.2448 90.5834 90.8703 91.2251 96.2174 104.625 107.832 108.159 108.573 108.987 109.118 109.39 109.447 109.492 109.589 
63.9501 65.5275 65.5558 65.6738 65.769 65.8464 65.9108 66.5748 66.6727 67.2095 72.9474 83.3341 84.5617 84.7433 84.8202 84.9771 85.5173 86.0183 86.2078 86.2293 86.2667 86.3497 86.3652 86.446 86.5393 86.6575 86.6608 86.6728 86.8412 86.9409 86.9444 87.0839 87.1264 87.4913 87.6816 87.725 87.7457 88.2629 88.2696 88.5028 89.1383 89.4455 89.5654 90.2448 90.5834 90.8703 91.2251 96.2174 104.625 107.832 
63.9501 65.5275 65.5558 65.6738 65.769 65.8464 65.9108 66.5748 66.6727 67.2095 72.9474 83.3341 84.5617 84.7433 84.8202 84.9771 85.5173 85.7551 86.0183 86.2078 86.2293 86.2667 86.2892 86.3314 86.3497 86.3652 86.446 86.5264 86.5393 86.6138 86.6575 86.6608 86.6728 86.6743 86.705 86.8412 86.9409 86.9444 87.0511 87.0839 87.1264 87.4913 87.6816 87.725 87.7457 88.1607 88.2629 88.2696 88.5028 89.1383 
63.5483 63.9501 64.1237 64.8065 65.5275 65.5558 65.6738 65.769 65.8464 65.9108 66.5748 66.6727 67.2095 72.9474 83.3341 84.5617 84.6841 84.7433 84.8202 84.9771 84.9849 85.1679 85.3408 85.5173 85.5519 85.7551 86.0183 86.2078 86.2293 86.2667 86.2892 86.3314 86.3497 86.3652 86.446 86.5264 86.5393 86.6138 86.6575 86.6608 86.6728 86.6743 86.705 86.8412 86.8423 86.9409 86.9444 87.0511 87.0593 87.0839 
63.5483 63.9501 64.1237 64.8065 65.5275 65.5558 65.6738 65.769 65.8464 65.9108 66.5748 66.6727 66.8745 67.2095 72.5657 72.9474 82.8615 83.3341 83.5986 83.8867 84.5617 84.6841 84.7433 84.8202 84.9771 84.9849 85.1679 85.298 85.3408 85.5173 85.5519 85.7551 86.0183 86.2078 86.2293 86.2667 86.2892 86.3314 86.3497 86.3652 86.446 86.5264 86.5393 86.6138 86.6575 86.6608 86.6728 86.6743 86.705 86.8018 
63.5483 63.9501 64.1237 64.8065 65.5275 65.5558 65.6738 65.769 65.8464 65.9108 66.5748 66.6727 66.8745 67.0288 67.2095 72.5657 72.9474 82.8615 83.3341 83.5986 83.8867 84.5617 84.6841 84.6986 84.7433 84.8202 84.9771 84.9849 85.1679 85.298 85.3408 85.5173 85.5519 85.7551 85.9312 86.0164 86.0183 86.2078 86.2293 86.2667 86.2892 86.3314 86.3497 86.3652 86.446 86.5264 86.5393 86.6138 86.6575 86.6608 
