seed=0
1831.55 1830.65 1831.55 1831.55 1830.97 1831.45 1830.34 1831.51 1831.55 1831.55 1831.5 1831.29 1831.21 1831.39 1831.32 1831.56 1831.55 1831.55 1831.55 1831.02 1831.55 1831.55 1831.34 1831.55 1831.41 1831.06 1831.55 1829.93 1831.31 1831.56 1831.28 1830.66 1829.84 1831.42 1831.21 1831.56 1831.55 1831.46 1831.54 1831.34 1831.55 1828.84 1831.55 1831.28 1831.23 1831.18 1831.22 1831.54 1831.55 1831.55 
1828.84 1828.98 1829.52 1829.95 1829.97 1830.16 1830.24 1830.24 1830.24 1830.31 1830.31 1830.36 1830.48 1830.49 1830.54 1830.58 1830.78 1830.8 1830.96 1831.01 1831.11 1831.14 1831.16 1831.19 1831.27 1831.27 1831.28 1831.29 1831.29 1831.31 1831.32 1831.33 1831.35 1831.36 1831.36 1831.42 1831.45 1831.55 1831.55 1831.55 1831.55 1831.55 1831.55 1831.55 1831.55 1831.55 1831.55 1831.55 1831.56 1831.56 
1828.41 1829.49 1830.27 1830.29 1830.6 1830.62 1830.66 1830.67 1830.7 1830.71 1830.72 1830.74 1830.76 1830.79 1830.81 1830.83 1830.85 1830.97 1830.99 1831.06 1831.16 1831.18 1831.2 1831.2 1831.2 1831.27 1831.27 1831.29 1831.34 1831.35 1831.36 1831.4 1831.45 1831.46 1831.49 1831.55 1831.55 1831.55 1831.55 1831.55 1831.55 1831.55 1831.55 1831.55 1831.55 1831.55 1831.55 1831.55 1831.55 1831.55 
1829.16 1829.87 1829.89 1830.02 1830.28 1830.31 1830.44 1830.51 1830.6 1830.61 1830.76 1830.87 1830.88 1830.89 1830.97 1830.98 1831.04 1831.14 1831.15 1831.23 1831.28 1831.3 1831.3 1831.32 1831.33 1831.33 1831.4 1831.41 1831.42 1831.42 1831.48 1831.49 1831.49 1831.5 1831.5 1831.52 1831.54 1831.55 1831.55 1831.55 1831.55 1831.55 1831.55 1831.55 1831.55 1831.55 1831.55 1831.55 1831.56 1831.57 
1829.23 1829.55 1829.89 1830.11 1830.23 1830.26 1830.49 1830.55 1830.56 1830.63 1830.7 1830.71 1830.76 1830.76 1830.79 1830.83 1830.84 1830.85 1830.86 1830.88 1830.89 1830.89 1830.95 1831.09 1831.09 1831.1 1831.1 1831.12 1831.13 1831.21 1831.23 1831.25 1831.26 1831.26 1831.27 1831.27 1831.33 1831.35 1831.36 1831.4 1831.46 1831.48 1831.55 1831.55 1831.55 1831.55 1831.56 1831.56 1831.57 1831.59 
1830.09 1830.31 1830.36 1830.55 1830.67 1830.81 1830.83 1830.86 1830.86 1830.88 1830.9 1830.92 1830.92 1830.97 1830.98 1830.99 1831 1831.01 1831.05 1831.09 1831.11 1831.12 1831.12 1831.12 1831.14 1831.19 1831.2 1831.21 1831.21 1831.22 1831.22 1831.24 1831.27 1831.27 1831.36 1831.36 1831.38 1831.41 1831.41 1831.43 1831.51 1831.54 1831.54 1831.55 1831.55 1831.55 1831.55 1831.55 1831.55 1831.55 
1829.94 1830.54 1830.57 1830.6 1830.63 1830.74 1830.78 1830.8 1830.81 1830.9 1830.92 1830.92 1830.93 1830.95 1830.96 1831.01 1831.02 1831.03 1831.05 1831.08 1831.1 1831.11 1831.11 1831.12 1831.12 1831.19 1831.27 1831.33 1831.33 1831.34 1831.36 1831.36 1831.37 1831.38 1831.39 1831.4 1831.44 1831.48 1831.48 1831.49 1831.49 1831.5 1831.51 1831.53 1831.53 1831.54 1831.55 1831.55 1831.55 1831.55 
1830.13 1830.14 1830.55 1830.58 1830.73 1830.8 1830.85 1830.88 1830.94 1830.95 1830.97 1831.01 1831.05 1831.06 1831.09 1831.09 1831.11 1831.19 1831.19 1831.2 1831.21 1831.22 1831.24 1831.26 1831.27 1831.31 1831.31 1831.31 1831.32 1831.34 1831.37 1831.38 1831.38 1831.39 1831.4 1831.41 1831.43 1831.43 1831.46 1831.49 1831.49 1831.49 1831.51 1831.54 1831.54 1831.55 1831.55 1831.55 1831.55 1831.55 
1829.24 1830.73 1830.78 1830.92 1831.03 1831.05 1831.1 1831.13 1831.14 1831.14 1831.15 1831.18 1831.19 1831.22 1831.25 1831.26 1831.28 1831.28 1831.32 1831.32 1831.34 1831.35 1831.37 1831.37 1831.37 1831.39 1831.4 1831.41 1831.41 1831.42 1831.43 1831.44 1831.47 1831.48 1831.53 1831.53 1831.54 1831.54 1831.54 1831.54 1831.54 1831.54 1831.55 1831.55 1831.55 1831.55 1831.55 1831.55 1831.55 1831.56 
