seed=0
1831.55 1830.21 1831.15 1831.55 1828.56 1829.51 1797.24 1830.13 1831.55 1831.55 1830.47 1829.96 1831.2 1831.39 1829.31 1831.56 1831.55 1831.55 1831.55 1829.52 1831.55 1831.55 1830.63 1831.55 1830.34 1830.53 1831.52 1826.19 1824.28 1831.56 1831.28 1816.93 1817.77 1828.56 1830.48 1824.09 1831.55 1830.14 1820.65 1830.15 1831.55 1824.38 1831.55 1830.25 1830.49 1830.31 1830.01 1831.54 1831.55 1831.55 
848.276 866.315 873.013 873.251 880.279 1076.67 1081.73 1084.2 1095.45 1096.03 1096.85 1097 1097.9 1115.12 1116.11 1394.37 1397.21 1398.28 1412.24 1461.78 1469.41 1469.8 1495.77 1502.49 1578.43 1679.88 1693.01 1695.59 1803.32 1829.48 1829.95 1829.96 1829.98 1830.21 1830.42 1830.69 1830.82 1830.96 1831.03 1831.05 1831.18 1831.35 1831.36 1831.53 1831.55 1831.55 1831.55 1831.55 1831.56 1831.56 
848.006 852.913 855.497 879.989 880.938 1068.73 1075.16 1078.72 1080.25 1084.67 1084.78 1085.87 1086.31 1086.88 1092.29 1094.45 1097.43 1097.9 1099.98 1106.33 1136.46 1137.4 1168.6 1194.63 1290.11 1314.13 1342.87 1385.4 1396.51 1495.33 1707.51 1722.88 1742.24 1746.42 1772.6 1821.1 1822.44 1823.68 1827.47 1830.9 1831.11 1831.21 1831.28 1831.44 1831.54 1831.54 1831.55 1831.55 1831.56 1831.56 
852.762 854.119 858.025 873.554 880.39 883.715 1026.6 1056.6 1067.03 1074.41 1080.07 1084.04 1085.23 1092.14 1116.46 1305.34 1305.44 1340.71 1368.31 1384.29 1384.3 1397.68 1397.98 1405.34 1406.11 1460.27 1477.72 1495.85 1504.41 1507.23 1739.98 1743.47 1743.95 1774.37 1779.3 1796.95 1799.21 1826.33 1827.72 1828.84 1829.23 1829.92 1830.05 1830.07 1830.37 1830.52 1831.51 1831.55 1831.55 1831.55 
850.512 853.717 855.752 885.684 1016.43 1070.53 1076.72 1080.4 1084.29 1085.6 1085.67 1086.64 1087.31 1087.73 1088.93 1094.59 1097.32 1098.42 1098.6 1105.44 1195.04 1206.64 1207.28 1212.04 1240.47 1286.18 1289.74 1356.22 1386.81 1395.42 1397.07 1405.82 1418.13 1459.66 1464.54 1464.63 1473.22 1476.26 1477.29 1482.05 1482.85 1493.18 1504.66 1800.99 1819.14 1821.15 1827.18 1830.75 1830.84 1831.21 
881.284 1020.03 1079.21 1081.5 1086.11 1086.14 1094.45 1097.92 1106.27 1112.36 1114.88 1114.9 1115.26 1193.48 1195.49 1196.07 1200.55 1212.81 1288.87 1306.11 1370.06 1382.32 1384.54 1396.17 1400.19 1462.3 1474.26 1497.54 1502.2 1697.02 1702.06 1739.35 1751.24 1769.56 1779.14 1823.19 1823.94 1825.5 1825.53 1830.51 1830.74 1831.17 1831.46 1831.46 1831.52 1831.52 1831.52 1831.55 1831.55 1831.56 
855.287 872.343 974.886 1086.61 1086.61 1089.22 1091.05 1094.85 1095.24 1095.31 1096.38 1098.89 1098.96 1101.27 1109.33 1114.33 1196.73 1242.15 1287.86 1289.26 1289.35 1316.22 1397.11 1465.73 1474.39 1607.34 1611.52 1687.44 1734.53 1745.43 1771.53 1773.99 1784.46 1818.37 1821.34 1827.13 1829.49 1829.91 1830.36 1830.76 1831.02 1831.3 1831.49 1831.49 1831.51 1831.54 1831.55 1831.55 1831.55 1831.55 
883.541 1019.25 1078.15 1079.47 1081.29 1084.17 1088.98 1092.1 1096.7 1097.37 1097.47 1098.14 1098.58 1099.14 1099.47 1099.57 1100.91 1106.11 1112.25 1115.81 1115.84 1126.36 1194.64 1195.84 1204.77 1214.71 1287.86 1304.13 1308.75 1379.74 1382.05 1469.68 1508.79 1700.56 1746.64 1763.04 1779.48 1793.65 1802.2 1823.18 1825.83 1828.13 1829.75 1830.3 1830.96 1831.11 1831.2 1831.55 1831.55 1831.56 
856.424 859.067 871.362 873.807 874.759 878.114 885.729 998.047 1020.11 1022.77 1069.78 1074.07 1083.91 1084.02 1087.6 1088.69 1088.8 1091.07 1091.79 1092.66 1094.43 1094.98 1096.23 1096.56 1099.6 1113.79 1114.69 1137.92 1196.88 1288.27 1288.84 1289.13 1312.88 1385.36 1387.5 1394.83 1409.88 1426.15 1716.02 1774.5 1819.66 1819.72 1825.92 1829.53 1829.59 1830.2 1831.06 1831.55 1831.55 1831.56 
855.174 874.974 883.771 1021.02 1024.05 1078.9 1080.84 1080.97 1082.11 1083.95 1085.99 1089.41 1092.82 1093.34 1095.53 1096.56 1097.18 1097.9 1098.12 1099.73 1105.72 1105.92 1107.61 1108.93 1113.43 1113.46 1114.67 1115.46 1197.67 1200.3 1287.43 1292.84 1303.92 1385.85 1396.35 1405.64 1485.01 1746.46 1822.76 1828.33 1830.77 1830.8 1830.87 1830.97 1831 1831.37 1831.54 1831.55 1831.55 1831.55 
848.044 856.694 868.996 872.853 887.468 1024.12 1024.82 1025.48 1086.79 1087.28 1087.81 1089.21 1094.94 1096.77 1097.22 1097.82 1097.82 1097.91 1098.47 1099.86 1099.99 1108.38 1116.26 1193.65 1196.57 1289.67 1289.96 1290.4 1308.65 1370.09 1381.29 1381.5 1517.1 1611.84 1697.38 1699.19 1744.14 1749.97 1774.7 1778.1 1785.87 1805.98 1822.49 1825.78 1826.09 1829.39 1830.26 1830.42 1831.54 1831.55 
847.527 851.005 853.805 854.384 855.324 880.009 885.99 887.87 1019.03 1026.22 1076.41 1076.56 1080.3 1081.07 1082.26 1083.12 1085.1 1086.54 1086.66 1086.78 1087.66 1088.25 1089.19 1089.96 1089.97 1095.72 1096.49 1098.03 1098.09 1098.91 1106.04 1107.27 1193.68 1197.06 1289.99 1369 1369.75 1383.15 1398.05 1489.1 1650.85 1679.21 1683.73 1825.4 1827.77 1827.84 1828.39 1828.9 1830.49 1831.24 
855.604 869.803 876.305 876.332 884.185 884.193 884.312 1016.64 1022.9 1026.72 1067.75 1074.2 1080.86 1080.98 1081.63 1082.51 1083.64 1086.98 1087.14 1087.39 1087.62 1087.85 1088.23 1093.24 1093.32 1095.31 1095.8 1095.94 1096.1 1097.4 1097.71 1097.83 1108.99 1114.28 1115.76 1193.33 1194.11 1195.36 1196.67 1397.15 1398 1730.02 1742.51 1788.23 1815.02 1825.74 1826.6 1828.62 1830.46 1831.5 
872.509 877.57 881.386 882.93 883.419 1022.43 1022.54 1022.69 1025.03 1079.28 1083.68 1084.41 1084.6 1085.07 1086.07 1086.56 1086.83 1087.42 1087.73 1090.58 1090.76 1091.21 1092.63 1094.1 1094.86 1097.49 1098.28 1112.61 1113.08 1114.23 1195.07 1196.19 1196.38 1289.2 1290.24 1316.95 1370.51 1385.15 1404.17 1457.43 1472.5 1478.25 1479.57 1603.53 1747.13 1794.25 1830.32 1830.41 1830.62 1831.42 
858.078 873.137 879.191 879.701 880.36 884.997 887.001 1023.14 1023.33 1025.63 1070.05 1073.35 1074.54 1075.58 1079.08 1082.54 1083.99 1087.43 1087.5 1088.41 1088.9 1089.99 1090 1092.49 1095.89 1096.21 1096.53 1097.27 1097.29 1097.49 1097.82 1097.94 1099.02 1100.17 1105.09 1105.45 1111.67 1113.97 1194.69 1195.02 1241.07 1367.62 1397.36 1407.23 1746.91 1753.57 1830.62 1831.1 1831.55 1831.55 
849.953 853.033 853.959 875.229 875.379 938.94 1021 1021.33 1069.4 1070.34 1070.85 1073.9 1074.72 1076.28 1078.02 1083.39 1083.86 1084.32 1086.36 1086.5 1088.59 1088.98 1089.97 1090.46 1091.69 1092.04 1096.38 1096.91 1097.81 1097.83 1098.16 1098.8 1098.86 1102.28 1109.93 1114.84 1192.07 1290.9 1387.73 1390.49 1461.26 1508.17 1810.3 1829.03 1829.05 1829.8 1830.56 1831.02 1831.55 1831.55 
850.798 856.229 870.745 873.994 874.048 875.161 875.233 880.519 882.416 885.318 939.628 943.021 1021.24 1025.08 1025.72 1067.91 1068.82 1072.23 1073.5 1073.62 1081.25 1082.26 1083.06 1083.49 1084.22 1084.95 1085.11 1086.2 1086.27 1087.44 1091.26 1093.63 1094.59 1097.12 1097.18 1098 1098.13 1099.22 1100.29 1100.84 1112.58 1305.08 1368.5 1382.97 1384.44 1399.15 1827.93 1829.84 1831.3 1831.55 
843.296 849.987 850.551 851.214 852.17 852.346 853.895 859.579 872.872 874.42 874.484 876.161 880.906 886.024 887.132 1024.67 1069.37 1071.44 1073.85 1074.86 1077.99 1083.02 1083.97 1084.08 1084.31 1084.35 1086.7 1087.03 1087.13 1088.77 1089.12 1090.76 1091.91 1092.01 1093.99 1096 1096.29 1097.28 1106.01 1111.32 1118.51 1197.49 1301.01 1529.86 1771.61 1826.18 1830.63 1831.11 1831.34 1831.56 
842.948 844.398 849.084 850.767 851.151 851.975 852.846 852.921 855.99 856.093 869.568 869.67 869.7 873.3 874.811 879.079 881.1 884.267 888.661 939.487 1019.85 1020.74 1025.62 1025.97 1066.95 1075.7 1078.82 1079.56 1082.35 1084.41 1085.41 1086.9 1087.28 1092.02 1095.58 1096.41 1096.62 1097.45 1097.48 1099.31 1099.65 1114.31 1114.91 1244.04 1244.89 1289.06 1384.81 1704.12 1823.74 1831.51 
844.335 846.618 847.443 849.644 851.555 851.58 852.672 853.451 853.827 854.371 854.695 856.06 871.28 873.069 874.414 875.4 879.092 879.613 880.659 882.736 1021.79 1025.43 1067.67 1068.28 1072.3 1078.21 1084.89 1085.52 1087.1 1087.28 1089.58 1090.44 1091.22 1092.07 1092.16 1095.44 1095.88 1096.45 1096.67 1096.96 1098.03 1098.19 1098.44 1099 1188.57 1216.65 1394.16 1399.77 1831.55 1831.55 
