seed=0
1831.55 1830.14 1831.15 1831.55 1827.22 1829.51 1790.02 1830.13 1831.55 1831.55 1830.47 1829.96 1831.2 1831.39 1829.31 1831.56 1831.55 1831.55 1831.55 1829.22 1831.55 1831.55 1830.63 1831.55 1830.34 1830.53 1831.52 1825.69 1821.21 1831.56 1831.28 1814.07 1815.33 1828.56 1830.48 1822.81 1831.55 1830.14 1817.29 1830.15 1831.55 1823.07 1831.55 1830.25 1830.49 1830.31 1830.01 1831.54 1831.55 1831.55 
853.039 872.305 881.038 886.968 1017.56 1092.2 1092.33 1096.62 1096.7 1096.78 1097.05 1097.67 1097.88 1111.65 1192.33 1193.91 1385.94 1387.81 1404.94 1405.14 1458.46 1460.95 1464.15 1502.44 1574.66 1679.87 1693.04 1697.35 1803.32 1829.95 1829.96 1829.96 1830.21 1830.29 1830.42 1830.69 1830.82 1830.96 1831.01 1831.03 1831.05 1831.18 1831.35 1831.53 1831.55 1831.55 1831.55 1831.55 1831.55 1831.56 
845.807 882.247 939.912 940.064 961.079 1024.95 1075.37 1082.07 1084.14 1095.67 1097.3 1098.25 1115.57 1195.43 1197.62 1368.91 1369.95 1387.21 1405.41 1458.52 1466.64 1472.53 1475.58 1493.13 1640.54 1745.21 1747.68 1748.06 1779.12 1783.58 1818.76 1825.22 1827.77 1828.29 1828.41 1829.45 1829.65 1829.71 1829.84 1829.99 1830.54 1830.95 1831.03 1831.11 1831.21 1831.28 1831.31 1831.41 1831.48 1831.55 
846.457 865.09 880.233 884.726 960.859 1018.71 1020.22 1021.1 1023.49 1077.7 1084.3 1084.32 1086.16 1086.78 1090.59 1091.42 1091.96 1096.98 1099.26 1108.51 1115.27 1194.88 1195.95 1197.55 1238.56 1385.39 1385.49 1409.07 1463.34 1466.75 1467.59 1488.81 1692.09 1699.07 1740.01 1775.53 1792.27 1793.3 1793.38 1804.31 1820.09 1827.51 1829.89 1830.66 1831.44 1831.55 1831.55 1831.55 1831.55 1831.55 
847.127 850.933 855.654 875.423 882.53 1022.54 1071.4 1082.16 1084.28 1085.32 1085.47 1089.38 1095.58 1095.89 1096.07 1098.75 1108.98 1112.61 1114.8 1115.05 1197.15 1289.04 1289.35 1290.41 1382.45 1383.41 1384.27 1474.22 1483.1 1496.99 1499.93 1519.23 1578.28 1590.67 1748.21 1770.22 1804.66 1816.61 1817.26 1819.57 1827.57 1829.99 1830.53 1830.7 1830.7 1831.44 1831.55 1831.55 1831.55 1831.55 
853.732 875.258 880.916 885.618 1084.42 1085.3 1089.04 1089.36 1091.46 1092.55 1098.05 1098.39 1098.45 1108.39 1108.55 1113.87 1114.82 1196.19 1196.57 1197.63 1206.08 1288.06 1288.23 1300.2 1304.55 1366.99 1382.63 1383.32 1384.44 1396.79 1396.94 1429.8 1456.1 1457.15 1462.28 1465.3 1477.13 1508.25 1699.13 1701.65 1775.71 1789.52 1805.66 1829.9 1830.67 1830.68 1830.83 1831.4 1831.55 1831.55 
841.002 854.27 867.223 869.55 876.043 881.558 887.619 1023.61 1074.93 1088.17 1090.1 1090.4 1095.01 1095.51 1096.96 1097.17 1097.75 1097.86 1098.93 1099.17 1099.21 1115.3 1193.26 1195.47 1287.64 1288.32 1289.66 1380.72 1383.74 1406.17 1459.35 1465.91 1486.94 1616.23 1678.99 1693.97 1769.62 1773.93 1800.73 1824.3 1828.81 1829.73 1829.92 1830.64 1830.72 1830.93 1831.06 1831.43 1831.54 1831.55 
854.468 855.049 855.544 876.784 879.247 880.617 882.334 885.437 1020.94 1026.33 1075.58 1079.33 1080.06 1086.66 1087.3 1089.28 1091.89 1093.67 1093.78 1096.29 1096.57 1096.86 1098.12 1098.22 1098.83 1105.06 1105.67 1194.03 1196.84 1302.94 1336.82 1370.21 1381.05 1382.8 1384.07 1387.05 1387.61 1395.66 1397.66 1420.78 1803.46 1809.58 1820.85 1825.53 1827.25 1829.61 1831.47 1831.55 1831.55 1831.55 
848.902 855.652 875.064 878.344 880.339 883.137 884.229 1023.1 1069.69 1077.59 1077.82 1082.56 1083.83 1084.16 1088.32 1088.88 1088.99 1095.15 1095.82 1096.14 1096.59 1097.47 1098.46 1108 1136.19 1193.67 1193.83 1196.96 1197.33 1290.13 1304.14 1380.47 1382.24 1383.52 1387.3 1395.33 1398.58 1399.57 1462.43 1491.12 1601.68 1823.91 1827.89 1827.93 1828.64 1830.69 1830.92 1831.15 1831.53 1831.55 
844.917 854.51 867.567 869.387 874.1 880.388 880.592 882.319 1019.25 1022.12 1075.33 1075.55 1079.06 1081.89 1082.09 1086.66 1087.85 1093.47 1093.78 1094.46 1094.87 1095.12 1097.11 1098.45 1099.09 1099.19 1107.02 1115.3 1195.22 1196.98 1198.27 1208.58 1269.55 1303.32 1307.58 1369 1381.74 1382.91 1387.03 1396.65 1455.13 1456.76 1491.64 1827.16 1830.52 1830.67 1830.94 1831.55 1831.55 1831.55 
855.131 856.024 857.108 857.273 873.686 875.329 878.697 883.87 885.651 886.314 1021.64 1075.32 1075.77 1080.7 1083.02 1083.8 1084.63 1085.73 1087.33 1088.27 1089.68 1090.16 1090.32 1090.46 1092.59 1094.18 1097.35 1098.25 1098.47 1098.74 1099.69 1113.62 1114.42 1115.25 1117.03 1190.46 1316.31 1370.73 1399.55 1454.81 1681.39 1682.37 1819.85 1825.14 1825.15 1827 1829.23 1829.37 1830.79 1830.97 
846.208 846.543 852.366 854.43 856.503 863.865 868.977 871.45 878.028 878.594 880.1 881.206 1067.82 1068.8 1071.91 1075.79 1077.2 1081.22 1081.51 1081.93 1082.56 1082.98 1084.23 1084.65 1086.25 1086.32 1087.73 1088.84 1091.21 1092.18 1093.47 1094.73 1096.47 1096.92 1096.99 1097.94 1108.36 1112.79 1196.06 1196.24 1199.71 1383.4 1395.34 1414.18 1690.41 1690.44 1698.55 1827.6 1828.32 1828.78 
846.789 852.597 854.008 869.314 869.672 870.539 875.732 876.392 880.958 881.366 881.66 883.239 887.17 1020.78 1023.32 1023.41 1067.81 1068.87 1074.11 1074.15 1077.68 1078.72 1079.61 1080.92 1083.35 1086.88 1088.39 1088.72 1088.92 1089.94 1092.91 1096.45 1098.41 1099.97 1100.13 1102.85 1106.35 1110.92 1112.64 1116.97 1141.15 1289.12 1340.21 1397.28 1397.82 1694.08 1793.79 1804.55 1830.48 1831.12 
846.192 849.1 854.444 855.046 855.326 868.257 872.523 874.128 877.516 878.345 881.043 881.107 884.373 884.783 884.854 941.497 1017.74 1076.9 1078.12 1079.27 1081.16 1081.89 1082.27 1083.88 1085.87 1086.43 1086.55 1086.84 1090.15 1093.88 1094.86 1096.42 1097.84 1098.37 1098.58 1099.05 1099.79 1107.89 1112.09 1115.68 1189.7 1287.96 1421.98 1456.61 1633.38 1725.13 1790.77 1827.18 1829.19 1830.69 
580.818 846.185 850.389 854.134 855.173 856.395 856.734 867.882 868.263 871.122 872.277 874.086 877.714 879.895 880.687 880.7 885.7 1023.43 1023.97 1024.43 1025.64 1075.77 1081.21 1083.02 1084.96 1085.87 1087.49 1089 1089.03 1089.36 1093.08 1093.6 1097.34 1097.35 1098.83 1107.35 1112.23 1137.15 1195.65 1289.49 1464.48 1828.08 1829.58 1830.01 1830.63 1830.96 1831.02 1831.12 1831.24 1831.55 
850.479 856.759 856.886 867.351 867.412 871.633 872.01 873.849 877.906 880.494 881.089 882.778 883.805 1019.82 1023.16 1025.53 1079.67 1082.28 1083.66 1084.5 1085.2 1089.57 1090.91 1092.56 1095.84 1098.09 1098.89 1101.25 1106.64 1107.35 1110.1 1113.97 1115.9 1194.05 1197.11 1251.02 1338.76 1409.73 1499.2 1684.48 1697.49 1804.02 1816.01 1820.46 1827.83 1829.29 1829.4 1830 1830.48 1830.56 
844.446 852.211 853.403 854.628 854.671 856.245 856.286 856.461 857.86 858.964 867.652 869.744 880.271 882.18 884.988 885.019 885.341 886.017 1018.55 1018.64 1019.91 1023.7 1075.26 1081.83 1084.47 1086.36 1086.92 1087.72 1089.54 1091.46 1091.64 1092.43 1094.95 1096.55 1097.81 1097.91 1098.5 1098.79 1098.79 1099 1100 1105.14 1114.7 1208.04 1285.64 1692.34 1739.33 1749.33 1828.2 1829.68 
843.658 844.478 846.051 850.047 854.404 855.433 856.788 859.259 867.083 867.545 868.768 872.825 872.969 873.195 873.529 875.906 877.525 878.596 882.321 886.71 886.904 1021.38 1067.56 1072.1 1077.84 1077.89 1079.17 1079.22 1081.41 1083 1083.4 1084.72 1086.21 1086.37 1094.81 1095.58 1095.79 1097.21 1098.96 1099.88 1100.84 1110.44 1115.56 1116.16 1200.31 1282.21 1386.76 1409.13 1816.48 1823.8 
450.361 847.593 850.492 851.387 852.685 853.223 854.971 856.661 860.626 865.58 871.925 871.946 876.862 879.317 879.394 882.727 884.422 886.167 943.285 1022.66 1068.83 1074.71 1076.76 1077 1080.19 1080.55 1081.86 1083.36 1083.4 1083.91 1085.87 1085.89 1086 1086.73 1092.48 1094.06 1097.27 1097.58 1098.59 1099.46 1100.73 1105.91 1109.45 1116.15 1116.66 1117.4 1215.23 1385.45 1471.11 1831.55 
645.93 846.859 847.03 850.893 852.332 852.559 852.606 853.871 854.687 868.545 872.066 875.395 876.747 880.713 881.452 881.534 881.669 882.728 883.492 883.678 884.699 885.418 935.801 1019.11 1020.78 1025.82 1045.8 1080.26 1081.3 1081.81 1084.94 1087.66 1091.94 1094.55 1095.42 1095.94 1096.19 1096.28 1096.32 1099.52 1100.44 1104.13 1107.19 1108.95 1112.2 1194.38 1384.2 1394.01 1827.8 1831.54 
645.778 843.034 846.213 846.653 846.727 849.031 850.152 851.516 851.618 852.325 852.545 866.224 870.193 873.314 873.46 875.146 876.252 880.173 881.465 883.028 884.134 1017.32 1023.75 1073.87 1074.55 1077.52 1077.82 1079.08 1079.83 1080.7 1082.58 1083.31 1083.45 1085.49 1087.08 1088.35 1089.12 1091.94 1094.39 1095.2 1096.09 1096.38 1096.63 1108.99 1113.82 1188.72 1196.51 1196.83 1287.95 1824.93 
