seed=0
1831.55 1830.47 1831.15 1831.55 1828.56 1829.51 1816.74 1830.13 1831.55 1831.55 1830.47 1829.96 1831.2 1831.39 1829.31 1831.56 1831.55 1831.55 1831.55 1830.15 1831.55 1831.55 1830.63 1831.55 1830.34 1830.53 1831.52 1828.18 1828.59 1831.56 1831.28 1825.27 1824.55 1828.56 1830.48 1828.18 1831.55 1830.14 1829.34 1830.15 1831.55 1826.8 1831.55 1830.25 1830.49 1830.31 1830.01 1831.54 1831.55 1831.55 
880.273 880.279 1075.34 1081.73 1084.61 1087.93 1088.17 1096.22 1096.85 1098.57 1109.4 1115.12 1289.13 1394.37 1397.21 1404.88 1412.24 1461.82 1464.69 1467.08 1469.41 1469.8 1495.77 1502.49 1578.43 1695.59 1736.07 1743.02 1826.83 1829.96 1830.21 1830.42 1830.67 1830.69 1830.82 1830.85 1830.96 1831.09 1831.12 1831.16 1831.18 1831.28 1831.32 1831.36 1831.55 1831.55 1831.55 1831.55 1831.56 1831.56 
843.107 852.8 854.322 856.343 856.459 872.145 880.924 1020.77 1021.28 1084.01 1084.67 1086 1089.13 1091.83 1096.58 1097.17 1098.2 1098.56 1106.35 1106.7 1107.75 1108.69 1115.57 1193.78 1242.74 1285.93 1308.09 1376.97 1383.79 1384.31 1399.05 1414.79 1488.14 1678.63 1796.46 1825.12 1827.95 1829.27 1829.66 1830.05 1830.06 1830.17 1830.67 1830.74 1831.55 1831.55 1831.55 1831.56 1831.56 1831.56 
846.944 856.823 867.539 869.562 870.768 883.078 941.829 1021.82 1022.39 1024.53 1076.9 1082.02 1085.09 1087.77 1087.85 1094.13 1098.09 1100.77 1106.52 1106.9 1113.9 1114.95 1194.65 1194.84 1195.26 1288.15 1311.88 1382.42 1396.13 1403.31 1404.88 1462.07 1476.51 1673.81 1692.45 1724.8 1750.99 1779.33 1827.88 1828.59 1829.75 1829.77 1830.59 1830.62 1831.17 1831.32 1831.34 1831.48 1831.55 1831.55 
847.436 852.77 856.319 857.249 859.512 875.426 1017.77 1023.34 1023.37 1070 1079.01 1081.32 1081.99 1084.18 1084.69 1087.93 1088.51 1088.88 1093.27 1096.93 1098.02 1098.12 1098.5 1103.96 1114.55 1115.9 1138.9 1194.23 1316.27 1369.16 1369.2 1383.09 1479.64 1688.28 1742.35 1766.82 1826.89 1828.83 1829.3 1830.04 1830.25 1830.32 1830.64 1830.71 1831.17 1831.34 1831.41 1831.44 1831.55 1831.55 
853.685 858.736 872.561 874.075 877.676 881.62 882.07 886.305 939.95 1022.41 1023.72 1077.05 1079.1 1079.95 1083.37 1083.5 1086.54 1087.11 1089.23 1090.03 1090.85 1091.65 1092.89 1095.67 1096.33 1096.69 1097.19 1098.09 1105.5 1108.73 1137.86 1192.82 1194.47 1196.72 1381.22 1386.52 1392.54 1397.35 1405.58 1699.46 1767.11 1826.9 1827.73 1829 1829.43 1830.94 1831.12 1831.5 1831.55 1831.55 
849.83 857.26 857.441 865.99 869.361 871.746 873.835 874.732 876.95 882.018 882.606 884.417 940.518 942.844 1021.34 1025.24 1073.04 1083.47 1084.76 1084.81 1086.05 1087.78 1088.41 1090.28 1091.99 1094.69 1096.73 1097.42 1105.81 1111.38 1113.07 1115.52 1195.41 1195.77 1198.25 1288.35 1308.6 1313.98 1386.13 1397.37 1459.93 1774.09 1803.19 1829.35 1829.56 1831.38 1831.48 1831.49 1831.55 1831.56 
850.062 854.768 855.059 856.582 869.446 869.589 869.749 875.704 877.145 879.161 888.391 944.241 1015.86 1022.46 1072.63 1074.74 1078.18 1078.78 1079.64 1082.56 1084.09 1086.37 1086.5 1094.63 1095.95 1096.43 1096.51 1097.81 1099.63 1099.96 1106.05 1113.72 1114.12 1114.46 1115.61 1116.23 1361.81 1387.02 1405.8 1405.81 1696.7 1722.51 1752.67 1789.97 1816.87 1830.65 1831.55 1831.55 1831.55 1831.55 
852.291 855.114 858.925 867.067 867.97 881.511 882.091 885.501 943.226 1022.37 1025.93 1074.79 1078.04 1082.72 1083.59 1083.68 1084.19 1084.23 1087 1087.04 1087.25 1087.36 1089.72 1094.35 1095.66 1096.01 1096.43 1098.11 1098.8 1108.58 1113.64 1113.88 1115.78 1130.66 1193.6 1201 1286.46 1383.69 1401.13 1464.93 1473.27 1597.46 1744.93 1746.22 1823.29 1828.53 1830.12 1830.85 1831.54 1831.55 
