seed=0
1831.55 1830.21 1831.15 1831.55 1827.34 1829.51 1795.76 1830.13 1831.55 1831.55 1830.47 1829.96 1831.2 1831.39 1829.31 1831.56 1831.55 1831.55 1831.55 1829.34 1831.55 1831.55 1830.63 1831.55 1830.34 1830.53 1831.52 1826.11 1823.09 1831.56 1831.28 1816.25 1816.72 1828.56 1830.48 1823.93 1831.55 1830.14 1819.79 1830.15 1831.55 1824.26 1831.55 1830.25 1830.49 1830.31 1830.01 1831.54 1831.55 1831.55 
853.039 881.038 882.952 1017.56 1088.08 1092.2 1096.62 1096.7 1097.05 1097.51 1097.67 1097.85 1098.29 1118.17 1192.33 1385.94 1396.82 1404.94 1406.49 1457.52 1461.01 1465.43 1502.47 1614.23 1679.87 1693.04 1697.35 1826.84 1829.48 1829.95 1829.96 1829.96 1830.21 1830.42 1830.69 1830.82 1830.96 1831.01 1831.03 1831.05 1831.18 1831.28 1831.35 1831.36 1831.53 1831.55 1831.55 1831.55 1831.56 1831.56 
852.013 852.97 856.303 871.953 876.089 961.079 1024.47 1080.8 1082.22 1086.64 1087.38 1089.35 1092.99 1093.03 1093.06 1093.29 1095.66 1097.47 1098.25 1098.85 1099.22 1111.63 1115.57 1194.46 1197.62 1283.99 1288.53 1387.21 1411.48 1424.88 1458.52 1597.78 1603.35 1605.66 1741.27 1747.68 1779.12 1827.32 1828.29 1829.84 1829.99 1830.62 1830.84 1830.96 1831.19 1831.21 1831.38 1831.55 1831.55 1831.55 
852.664 866.937 874.656 885.304 1042.61 1079.55 1081.64 1083.1 1085.56 1087.06 1087.09 1088.19 1096.12 1096.26 1098.42 1098.47 1106.57 1109.05 1306.4 1368.47 1371.1 1406.91 1463.83 1470.91 1480.97 1483.54 1695.88 1742.95 1744.89 1799.22 1805.85 1820.52 1824.08 1825.39 1827.76 1827.98 1828.71 1829.59 1830.62 1831.14 1831.17 1831.34 1831.51 1831.53 1831.55 1831.55 1831.55 1831.55 1831.55 1831.55 
844.819 848.471 851.39 866.71 874.542 907.675 1022.33 1077.87 1080.13 1080.74 1081.16 1082.66 1083.08 1084.58 1084.92 1085.14 1085.76 1088.83 1092.87 1093.04 1097.05 1109.02 1114.32 1193.83 1242.85 1288.61 1384.67 1393.45 1457.95 1477.51 1483.34 1487.66 1494.23 1496.17 1680.55 1768.17 1787.92 1802.33 1806.75 1815.48 1816.89 1821.3 1825.74 1829.92 1830.51 1831.26 1831.39 1831.4 1831.41 1831.55 
850.578 853.675 909.458 940.047 949.662 1021.48 1079.68 1084.67 1085.72 1086.06 1097.05 1097.26 1099.01 1099.26 1099.48 1106.4 1107.44 1108.15 1114.78 1114.97 1138.83 1194.27 1299.97 1456.7 1460.65 1461.97 1464.58 1470.49 1481.24 1663.44 1705 1770.72 1810.65 1828.5 1829.11 1830.55 1830.82 1830.87 1831.37 1831.42 1831.47 1831.54 1831.54 1831.55 1831.55 1831.55 1831.55 1831.55 1831.55 1831.56 
854.01 877.989 880.625 880.798 977.226 1021.22 1027.58 1080.02 1084.21 1084.65 1090.24 1092.14 1094.76 1095.99 1096.16 1098.98 1099.07 1099.56 1110.55 1200.46 1310.22 1310.99 1335.2 1368.14 1369.33 1369.69 1386.01 1396.27 1457.34 1459.1 1460.38 1462.32 1474.24 1499.88 1695.96 1699.33 1731.69 1743.37 1746.48 1769.89 1779.94 1813.25 1825.33 1827.03 1827.89 1829.79 1831.3 1831.54 1831.55 1831.56 
851.329 856.044 869.453 883.945 885.589 938.302 1067.88 1073.27 1076.22 1079.97 1080.87 1086.17 1087.09 1088.86 1090.18 1091.55 1094.01 1095.58 1095.96 1098.34 1106.3 1106.47 1106.84 1110.71 1113.68 1167.65 1309.8 1311.34 1384.4 1386.72 1387.28 1397.75 1455.62 1455.85 1560.55 1743.19 1788.81 1807.74 1815.23 1821.62 1823.56 1826.42 1829.34 1829.9 1830.87 1830.88 1830.94 1831.23 1831.54 1831.54 
843.901 855.981 877.896 878.698 886.235 887.304 948.001 1026.43 1069.09 1075.42 1081.59 1081.84 1082.2 1082.23 1083.83 1086.56 1087.86 1090.02 1090.5 1098.6 1099.24 1113.44 1114.72 1115.83 1117.27 1137.03 1192.83 1194.46 1214.21 1287.36 1289.21 1289.7 1308.44 1380.12 1382.74 1383.49 1384.02 1386.14 1467.78 1475.64 1747.1 1771.24 1782.99 1800.44 1805.53 1812.79 1819.63 1828.66 1830.18 1831.55 
