seed=0
1831.55 1829.67 1831.15 1831.55 1826.42 1829.51 1751.71 1830.13 1831.55 1831.55 1830.47 1829.96 1831.2 1831.39 1829.31 1831.56 1831.55 1831.55 1831.55 1827.59 1831.55 1831.55 1830.63 1831.55 1830.34 1830.53 1831.52 1820.07 1804.19 1831.56 1831.28 1796.57 1793.92 1828.56 1830.48 1815.69 1831.55 1830.14 1802.81 1830.15 1831.55 1816.45 1831.55 1830.25 1830.49 1830.31 1830.01 1831.54 1831.55 1831.55 
853.039 872.305 873.073 886.968 1017.56 1096.7 1097.3 1097.89 1098.39 1106.96 1107.74 1113.85 1192.33 1193.91 1385.94 1387.63 1399.04 1404.94 1412.8 1456.4 1465.43 1498.76 1502.53 1624.76 1693.04 1697.35 1803.32 1828.32 1829.11 1829.96 1830.21 1830.42 1830.82 1830.83 1830.88 1830.96 1830.97 1831.03 1831.05 1831.18 1831.35 1831.41 1831.53 1831.55 1831.55 1831.55 1831.55 1831.55 1831.55 1831.56 
845.807 853.033 854.298 868.381 882.685 961.079 1024.95 1071.44 1076.47 1084.12 1092.63 1096.64 1097.42 1193.89 1196.44 1196.83 1196.86 1197.62 1382.9 1397.08 1484.84 1492.41 1498.48 1508.45 1597.78 1608.89 1676.42 1745.21 1747.68 1751.96 1766.29 1779.12 1815.67 1815.87 1818.76 1822.8 1824.4 1827.47 1827.68 1828.29 1828.93 1829.84 1829.99 1830.39 1830.54 1831.03 1831.21 1831.31 1831.55 1831.55 
846.457 858.685 872.291 880.233 883.918 1017.95 1080.4 1084.14 1084.3 1087.44 1092.16 1093.7 1095.68 1095.7 1096.39 1097.25 1097.33 1098.09 1098.17 1098.29 1109.43 1112.32 1114.94 1115.57 1194.59 1196.29 1203.5 1212.39 1238.56 1314.1 1384.13 1466.79 1491.85 1700.92 1701.14 1792.27 1799.18 1823.51 1828.26 1829.44 1829.89 1830.18 1830.51 1830.95 1830.99 1831.45 1831.55 1831.55 1831.55 1831.55 
856.289 861.669 867.1 872.509 875.423 876.739 882.357 1022.54 1082.32 1087.8 1088.09 1088.38 1089.21 1093.39 1094.69 1095.36 1095.58 1095.84 1105.01 1105.44 1105.61 1109.03 1112.15 1114.04 1114.46 1196.79 1196.8 1381.62 1383.53 1397.6 1472.75 1487.26 1492.42 1494.27 1599.15 1704.59 1770.22 1772.33 1778.22 1824.04 1827.09 1828.58 1830.6 1830.79 1830.85 1831.55 1831.55 1831.55 1831.55 1831.55 
1022.67 1077.22 1077.43 1077.75 1079.77 1082.26 1082.41 1083.77 1084.15 1084.42 1086 1086.41 1086.95 1087.32 1096.57 1097.8 1097.92 1106.43 1114.96 1197.23 1287.82 1312.46 1382.55 1384.57 1395.37 1420.94 1495.85 1700.48 1753.84 1788.92 1795.45 1796.94 1805.25 1811.35 1825.15 1827.27 1829.89 1829.99 1830.59 1830.85 1830.96 1831.09 1831.11 1831.23 1831.52 1831.55 1831.55 1831.55 1831.55 1831.56 
874.457 875.513 1025.06 1026.91 1082.3 1083.38 1083.93 1084.28 1084.95 1086.06 1086.72 1087.8 1089.2 1089.87 1090.57 1092.28 1092.44 1092.58 1095.74 1096.44 1097.24 1097.52 1097.62 1098.32 1098.56 1105.81 1107.26 1113.92 1197.74 1286.81 1287.32 1289.15 1301.86 1381.99 1382.2 1388.49 1397.72 1792.83 1796.46 1822.37 1825 1830.89 1831.02 1831.27 1831.39 1831.53 1831.55 1831.55 1831.55 1831.55 
867.979 880.786 883.253 1021.37 1023.13 1072.2 1073.45 1073.65 1073.99 1076.11 1079.28 1080.63 1081.99 1083.83 1085.29 1086.03 1086.21 1088.62 1091.41 1092.37 1095.99 1097.07 1097.37 1097.56 1098.49 1099.84 1111.69 1111.87 1113.9 1114.5 1288.22 1291.64 1380.94 1397.5 1398.75 1404.65 1465.49 1474.27 1479.66 1691.75 1792.64 1829.12 1830.12 1831.37 1831.42 1831.55 1831.55 1831.55 1831.55 1831.55 
854.874 864.04 887.879 1021.74 1075.37 1083.09 1087.5 1088.78 1095.58 1096.94 1097.01 1097.09 1097.57 1097.81 1098.19 1098.31 1098.47 1098.64 1099 1099.28 1100.44 1100.73 1114.04 1114.81 1191.23 1194.18 1194.92 1197.24 1200.28 1202.18 1287.6 1291.23 1313.98 1398.21 1481.56 1744.6 1745.32 1746.24 1750.71 1828.32 1830.8 1830.94 1831.2 1831.22 1831.36 1831.38 1831.47 1831.51 1831.53 1831.55 
