seed=0
1831.55 1830.47 1831.15 1831.55 1827.94 1829.51 1819.37 1830.13 1831.55 1831.55 1830.47 1829.96 1831.2 1831.39 1829.31 1831.56 1831.55 1831.55 1831.55 1830.35 1831.55 1831.55 1830.63 1831.55 1830.34 1830.53 1831.52 1828.46 1828.81 1831.56 1831.28 1825.75 1826.45 1828.56 1830.48 1828.85 1831.55 1830.14 1830.98 1830.15 1831.55 1826.95 1831.55 1830.25 1830.49 1830.31 1830.01 1831.54 1831.55 1831.55 
852.539 881.038 1087.12 1095.57 1096.48 1096.62 1096.7 1096.86 1097.05 1097.67 1097.89 1097.9 1098.12 1099.82 1396.75 1404.94 1406.49 1456.8 1457.26 1459.26 1461.01 1465.43 1502.46 1502.73 1602.17 1624.76 1697.35 1784.85 1826.84 1829.96 1830.42 1830.67 1830.69 1830.82 1830.96 1830.97 1831.09 1831.12 1831.16 1831.18 1831.28 1831.32 1831.32 1831.36 1831.55 1831.55 1831.55 1831.55 1831.55 1831.56 
853.763 865.062 1076.14 1080.12 1080.66 1083.77 1088.76 1088.79 1094.75 1096.24 1096.72 1097.62 1097.69 1098.82 1107.6 1107.75 1196.38 1196.44 1201.23 1214.34 1287.48 1288.83 1384.59 1455.38 1462.45 1676.42 1690.48 1696.41 1779.32 1794.81 1812.06 1814.01 1822.8 1827.95 1828.17 1829.21 1829.69 1830.06 1830.39 1830.53 1830.74 1831.21 1831.54 1831.55 1831.55 1831.55 1831.55 1831.55 1831.55 1831.56 
866.536 874.497 876.089 876.925 881.126 883.929 1021.09 1069.34 1072.36 1075.4 1077.18 1077.68 1078.45 1087.25 1093.44 1096.92 1096.99 1097.54 1098.28 1114.45 1159.16 1196.11 1196.72 1243.43 1287.91 1368.71 1397.11 1511.74 1531.74 1531.8 1612.85 1673.81 1697.78 1718.01 1771.66 1774.44 1802.78 1823.61 1826.04 1826.47 1829.75 1829.85 1830.54 1831.1 1831.42 1831.51 1831.55 1831.55 1831.55 1831.55 
854.323 857.239 869.822 873.253 879.37 880.7 1072.55 1075.82 1083.79 1084.13 1084.38 1086.04 1090.12 1092.25 1095.84 1096.47 1096.48 1096.49 1097.15 1100.06 1115.93 1134.72 1166 1197.04 1197.35 1221.85 1248.34 1289.25 1305.64 1393.44 1395.85 1401.37 1486.87 1597.8 1665.12 1769.18 1802.11 1819.2 1821.77 1822.92 1823.59 1824.31 1827.33 1828.15 1828.9 1829.64 1830.05 1831.18 1831.55 1831.55 
852.161 854.14 858.117 875.179 876.31 938.08 1026.19 1067.77 1081.68 1083.62 1085.64 1086.83 1088.77 1089.01 1092.21 1094.52 1097.99 1106.1 1106.81 1114.82 1137.92 1201.84 1298.55 1336.77 1381.12 1382.45 1407.72 1463.81 1523.69 1612 1694.29 1776.88 1803.4 1821.72 1826.71 1828.88 1829.54 1829.67 1829.82 1830.86 1830.96 1831.44 1831.45 1831.55 1831.55 1831.55 1831.55 1831.55 1831.55 1831.56 
851.39 854.007 870.976 872.696 872.935 875.711 880.42 882.817 884.585 1018.89 1025.64 1071.34 1080.17 1082.23 1083.3 1084.08 1086.75 1087.11 1088 1092.45 1095.05 1097.47 1097.74 1109.76 1113.9 1114.21 1119 1194.56 1198.34 1306.07 1370.69 1403.5 1406.54 1734.1 1774.69 1775.37 1794.77 1798.72 1804.27 1826.37 1826.64 1830.27 1830.29 1831.09 1831.18 1831.42 1831.49 1831.54 1831.55 1831.55 
855.475 858.9 872.729 874.085 880.553 881.29 885.33 887.715 1018.88 1022.71 1027.29 1068.38 1077.09 1081.14 1081.22 1085.48 1086.24 1086.68 1087.05 1087.59 1088.69 1088.8 1089.03 1091.07 1092.58 1095.48 1095.7 1095.75 1096.22 1097.64 1097.79 1098.01 1098.5 1099.04 1106.85 1166.17 1195.01 1197.84 1288.04 1290.44 1465.05 1483.4 1489.36 1596.68 1680.12 1701.47 1762.25 1786.53 1831.24 1831.55 
853.028 853.801 870.166 938.12 1019.76 1025.44 1025.55 1068.58 1076.49 1081.23 1082.37 1085.05 1086.48 1088.87 1089.75 1090.1 1090.65 1090.93 1095.46 1096.22 1096.53 1096.54 1096.85 1097.37 1097.88 1098.15 1100.1 1107.51 1113.7 1285.46 1287.85 1287.87 1380.33 1396.21 1478.69 1492.06 1509.88 1544.8 1704.17 1818.71 1828.16 1828.42 1829.43 1829.57 1830.11 1830.89 1831.05 1831.44 1831.53 1831.55 
851.888 867.351 869.597 870.26 872.741 885.821 889.269 947.583 1023.28 1025.6 1068.77 1068.9 1081.37 1081.58 1085.92 1087.19 1087.33 1087.66 1089.34 1089.76 1092.04 1094.59 1094.96 1095.49 1096.34 1096.36 1096.49 1097.1 1097.42 1098.88 1099.24 1099.4 1104.38 1106.09 1198.21 1288.5 1311.81 1369.27 1369.51 1379.38 1381.85 1418.48 1661.25 1667.95 1749.73 1828.58 1828.59 1829.36 1831.55 1831.55 
854.221 873.293 876.359 881.625 942.767 1022.13 1022.47 1023.69 1077.42 1079.34 1079.63 1082.37 1087.13 1088.33 1091.44 1092.11 1092.44 1094.61 1096.08 1096.2 1096.63 1096.78 1097.79 1105.49 1106.12 1106.95 1115.37 1195.67 1203.29 1287.07 1290.63 1299.13 1300.66 1369.24 1381.51 1384.78 1396.08 1407.84 1423.69 1478.48 1481.75 1690.82 1793.18 1828.62 1829.96 1830.19 1830.55 1830.97 1831 1831.47 
849.242 851.172 870.261 874.035 875.406 885.074 940.287 952.187 1020.83 1023.13 1024.32 1070.83 1081.14 1082.31 1083.18 1084.16 1085.31 1085.39 1088.01 1092.04 1093.86 1095.99 1097.81 1098.5 1099.1 1113.58 1192.43 1201.11 1234.56 1382.12 1384.41 1385.11 1388.06 1406.53 1457.64 1457.94 1462.53 1689.5 1804.54 1818.91 1827.57 1828.5 1828.99 1829.38 1829.47 1830.18 1830.76 1831.15 1831.33 1831.45 
