seed=0
1831.55 1775.42 1831.15 1831.55 1828.56 1829.51 880.995 1830.13 1831.55 1831.55 1830.47 1829.96 1831.2 1831.39 1829.31 1831.56 1831.55 1831.55 1831.55 1740.62 1831.55 1831.55 1830.63 1831.55 1830.34 1830.53 1831.52 1463.66 1108.43 1831.56 1831.28 1092.46 1097.27 1828.56 1830.48 1459.7 1831.55 1830.14 1084.89 1830.15 1831.55 1105.76 1831.55 1830.25 1830.49 1830.31 1830.01 1831.54 1831.55 1831.55 
852.996 873.044 880.279 880.331 1031.02 1084.74 1087.66 1096.26 1099.2 1099.76 1113.4 1115.12 1116.11 1200.53 1369.61 1373.14 1385.24 1385.59 1404.88 1412.24 1465.51 1494.09 1495.77 1501.89 1502.48 1585.86 1690.21 1697.78 1715.73 1803.32 1828.26 1828.92 1829.95 1829.96 1829.98 1830.17 1830.82 1830.96 1831.05 1831.09 1831.18 1831.35 1831.45 1831.55 1831.55 1831.55 1831.55 1831.55 1831.55 1831.56 
872.718 879.758 1021.26 1027.27 1068.94 1079.71 1080.83 1082.02 1084.67 1092.28 1093.45 1094.78 1096.93 1097.59 1098.98 1104.15 1107.4 1107.93 1108.43 1113.41 1115.64 1194.9 1241.96 1396.58 1397.23 1398.14 1414.79 1515.04 1671.32 1742.24 1792.87 1821.9 1824.63 1829.14 1829.44 1830.06 1830.21 1830.89 1830.93 1830.99 1831.01 1831.28 1831.29 1831.37 1831.53 1831.54 1831.55 1831.55 1831.55 1831.55 
1051.24 1079.42 1080.17 1082.89 1086.63 1086.95 1088.52 1088.84 1088.95 1089.14 1090.64 1092.59 1092.83 1093.83 1094.85 1096.22 1098.48 1104.71 1107.03 1107.43 1112.74 1114.47 1115.39 1191.8 1193.8 1198.68 1288.64 1368.75 1385 1463.71 1493.62 1500.79 1630.63 1692.15 1698.64 1735.67 1753.64 1773.59 1791.78 1799.21 1822.51 1830.42 1831.3 1831.37 1831.47 1831.55 1831.55 1831.55 1831.55 1831.55 
851.135 868.018 1019.83 1074.87 1079.31 1086.79 1087.63 1087.83 1088.54 1088.92 1089.15 1092.68 1092.8 1095.67 1096.23 1096.93 1097.8 1098.07 1098.42 1098.42 1098.49 1098.55 1100.03 1105.5 1110.32 1111.18 1111.28 1112.81 1114.2 1114.58 1115.29 1116.33 1116.62 1194.09 1195.01 1288.4 1288.53 1304.93 1383.65 1394.63 1487.5 1494.87 1499.21 1503.61 1576.01 1705.79 1742.21 1745.11 1828.5 1830.74 
887.669 1069.7 1074.97 1078.35 1080.35 1081.02 1082.26 1087.57 1087.98 1088.89 1093.29 1094.47 1095.81 1096.02 1097.38 1097.4 1097.63 1098.03 1098.06 1106.95 1108.25 1109.41 1114.15 1114.71 1140.01 1190.59 1195.64 1197.26 1286.55 1305.22 1381.99 1385.28 1397.4 1398.46 1456.44 1458.18 1463.76 1471.9 1500 1589.1 1716.03 1788.13 1815.4 1823.74 1825.94 1830.24 1830.65 1830.73 1831.33 1831.55 
877.228 939.18 1024.17 1024.47 1077.37 1080.18 1080.67 1087.91 1089.01 1089.43 1092.92 1093 1094.07 1094.11 1094.12 1095.32 1096.1 1096.47 1096.77 1096.98 1097.68 1098.22 1098.76 1100.17 1107.47 1193.51 1195.62 1195.8 1198.35 1291.01 1382.58 1384.12 1396.39 1458.3 1467.43 1492.03 1688.43 1743.5 1795.43 1826.33 1828.19 1828.86 1829.28 1831.51 1831.55 1831.55 1831.55 1831.55 1831.55 1831.56 
847.832 866.85 867.677 940.73 1025.25 1074.53 1079.64 1082.72 1083.23 1083.41 1085.94 1086.47 1087.51 1088.24 1088.26 1088.47 1088.88 1092.54 1093.24 1094.79 1096 1097.25 1097.83 1098.72 1099.25 1105.49 1109.74 1114.01 1114.35 1115.07 1194.44 1195.15 1195.35 1286.07 1288.72 1289.27 1289.29 1301.47 1307.91 1382.81 1386.09 1387.93 1407.44 1407.47 1456.75 1468.83 1701.42 1812.71 1829.46 1829.63 
855.126 856.083 871.228 1021.8 1080.94 1081.35 1081.45 1087.08 1087.12 1087.2 1089.38 1091.43 1091.91 1092.72 1096.52 1096.98 1097.7 1098.93 1099.03 1099.29 1101.7 1107.89 1114.26 1114.88 1139.06 1194.55 1194.75 1196.04 1198.85 1207.97 1288 1306.6 1308.06 1368.45 1382.68 1384.66 1385.13 1388.47 1395.3 1411.55 1464.83 1708.28 1790.08 1828.71 1828.87 1830.02 1830.88 1831.44 1831.55 1831.55 
851.802 854.294 875.802 880.858 882.778 1019.41 1019.68 1021.6 1023.98 1072.11 1077.84 1081.1 1082.57 1085.93 1086.77 1087.35 1087.88 1090.1 1092.22 1093.85 1095.1 1095.38 1095.44 1096.83 1097.17 1098.42 1098.46 1098.69 1099.83 1106.13 1107.24 1108.01 1115.27 1116.09 1194.19 1368.22 1380.02 1385.7 1397.6 1405.01 1463.03 1632.33 1729.79 1736.43 1765.52 1767.86 1824.05 1826.21 1829.94 1831.11 
872.921 1022.98 1069.68 1070.54 1075.36 1082.16 1082.56 1083.84 1086.3 1086.71 1086.94 1087.56 1088.3 1091.59 1092.41 1092.96 1093.33 1093.88 1095.68 1096.18 1096.8 1096.97 1097.12 1097.2 1098.92 1099.35 1102.64 1106.49 1112.15 1114.91 1114.97 1154.97 1197.1 1199.27 1288.15 1288.16 1289.31 1406.09 1455.3 1461.74 1735.24 1735.59 1810.59 1828.61 1829.69 1830.38 1831.26 1831.53 1831.55 1831.55 
851.061 852.112 856.047 875.18 1022.52 1023.36 1071.54 1075.93 1076.61 1083.77 1084.13 1085.11 1085.72 1087.26 1087.49 1088.57 1092.39 1092.9 1093.31 1095.03 1095.99 1096.55 1097.11 1097.52 1097.83 1098.06 1098.89 1106.08 1108.29 1114.32 1115.94 1115.98 1196.38 1204.25 1290.7 1303.49 1383.88 1384.21 1396.49 1396.84 1405.15 1479.77 1491.62 1496.21 1785.78 1821.98 1829.55 1830.66 1831.4 1831.45 
