seed=0
1831.55 1775.4 1831.15 1831.55 1750.58 1829.51 872.21 1830.13 1831.55 1831.55 1830.47 1829.96 1831.2 1831.39 1829.31 1831.56 1831.55 1831.55 1831.55 1741.19 1831.55 1831.55 1830.63 1831.55 1830.34 1830.53 1831.52 1462.8 1194.65 1831.56 1831.28 1194.17 1098.03 1828.56 1830.48 1461.19 1831.55 1830.14 1089.57 1830.15 1831.55 1193.25 1831.55 1830.25 1830.49 1830.31 1830.01 1831.54 1831.55 1831.55 
854.046 856.127 872.21 872.449 873.088 883.234 1029.79 1082.69 1086.98 1087.39 1089.57 1097.29 1097.67 1098.03 1113.75 1114.5 1193.25 1194.17 1194.65 1197.01 1288.59 1371.67 1382.91 1383.7 1456.15 1458.87 1461.19 1462.8 1467.43 1485 1487.86 1492.45 1502.48 1534.98 1717.63 1741.19 1743.65 1750.58 1775.4 1803.33 1828.26 1828.56 1828.92 1829.3 1829.31 1829.51 1829.65 1829.95 1829.96 1829.96 
854.046 856.127 872.21 872.449 873.088 883.234 886.414 888.295 1019.03 1021.37 1029.79 1082.69 1086.98 1087.39 1087.79 1088.39 1089.12 1089.57 1092.43 1096.1 1097.29 1097.31 1097.67 1097.97 1098.03 1098.27 1106.17 1113.75 1114.5 1114.83 1193.25 1194.17 1194.65 1196.37 1196.73 1196.85 1197.01 1288.08 1288.59 1289.16 1303.63 1308.52 1370.57 1371.67 1381.32 1382.91 1383.7 1397.71 1456.15 1458.87 
852.756 853.848 854.046 856.127 871.979 872.21 872.449 873.088 878.476 883.234 886.414 888.295 1019.03 1019.3 1019.53 1020.98 1021.37 1029.79 1074.09 1078.95 1080.48 1080.57 1082.69 1085.09 1086.05 1086.98 1087.39 1087.66 1087.79 1088.39 1088.53 1089.12 1089.57 1092.43 1096.1 1097.29 1097.31 1097.67 1097.97 1098.03 1098.27 1106.17 1107.51 1113.75 1114.5 1114.83 1115.63 1165.87 1189.62 1192.96 
848.714 852.756 853.848 854.046 856.127 864.878 869.614 871.979 872.21 872.449 873.088 874.265 878.476 883.234 886.414 888.295 940.035 959.436 1019.03 1019.26 1019.3 1019.53 1020.98 1021.37 1029.79 1044.83 1074.09 1078.95 1079.13 1080.48 1080.57 1082.11 1082.69 1083.6 1083.94 1085.09 1086.05 1086.98 1087.39 1087.66 1087.68 1087.79 1088.39 1088.53 1088.59 1089.02 1089.12 1089.57 1092.12 1092.43 
848.714 852.756 853.848 854.046 855.577 856.127 864.878 867.045 869.614 871.979 872.21 872.449 873.088 873.323 874.265 878.476 883.234 886.414 888.295 939.612 940.035 959.436 1014.86 1019.03 1019.26 1019.3 1019.53 1020.7 1020.98 1021.29 1021.37 1029.79 1044.83 1074.09 1078.95 1079.13 1080.48 1080.57 1082.11 1082.69 1083.6 1083.94 1085.09 1086.05 1086.98 1087.39 1087.66 1087.68 1087.75 1087.79 
848.714 849.768 851.61 852.751 852.756 853.753 853.848 854.046 854.639 855.577 856.127 860.992 863.812 864.878 867.045 869.614 871.297 871.979 872.21 872.449 872.663 873.088 873.323 874.265 878.476 883.234 884.603 886.414 888.295 939.612 940.035 940.911 959.436 1014.86 1019.03 1019.26 1019.3 1019.53 1020.7 1020.98 1021.29 1021.37 1026.77 1029.79 1044.83 1070.56 1074.09 1078.08 1078.95 1078.97 
846.971 848.714 849.768 850.839 851.61 852.026 852.751 852.756 853.753 853.848 854.046 854.639 855.047 855.577 856.127 857.229 858.86 860.992 863.812 864.878 867.045 869.614 869.682 871.297 871.979 872.21 872.449 872.663 872.919 873.088 873.323 873.984 874.265 874.388 874.583 878.476 881.737 881.851 883.234 883.395 884.159 884.603 885.01 886.414 888.295 939.612 940.035 940.911 942.725 959.436 
846.971 848.714 848.939 849.768 850.839 851.61 852.026 852.751 852.756 853.753 853.848 854.046 854.639 854.75 854.803 854.952 855.047 855.577 856.005 856.127 857.229 858.573 858.86 860.992 863.812 864.878 867.045 869.614 869.682 871.297 871.979 872.21 872.449 872.663 872.919 872.944 873.088 873.323 873.984 874.265 874.388 874.583 878.476 878.791 879.181 880.97 881.737 881.851 883.234 883.292 
846.971 847.272 848.714 848.939 849.768 850.839 851.61 851.745 851.886 852.026 852.751 852.756 853.124 853.234 853.753 853.848 854.046 854.268 854.401 854.639 854.75 854.803 854.856 854.952 855.047 855.577 856.005 856.127 857.229 858.573 858.86 860.992 863.812 864.878 867.045 867.986 869.513 869.614 869.682 871.297 871.979 872.21 872.263 872.449 872.663 872.919 872.944 873.088 873.323 873.984 
846.971 847.272 847.53 847.595 848.093 848.714 848.939 849.768 850.839 850.954 851.61 851.745 851.886 852.026 852.052 852.136 852.728 852.751 852.756 853.124 853.234 853.753 853.848 854.046 854.268 854.401 854.639 854.75 854.803 854.856 854.952 855.047 855.45 855.577 856.005 856.127 857.229 858.573 858.86 860.992 863.812 864.878 867.045 867.986 869.513 869.614 869.682 871.297 871.979 872.091 
846.203 846.751 846.971 847.068 847.272 847.53 847.595 848.093 848.683 848.714 848.732 848.939 849.768 849.935 850.839 850.954 851.61 851.745 851.886 852.026 852.052 852.136 852.728 852.751 852.756 852.758 853.124 853.234 853.753 853.831 853.848 854.046 854.106 854.268 854.401 854.639 854.75 854.803 854.856 854.952 855.047 855.158 855.45 855.577 855.813 856.005 856.127 857.229 858.573 858.86 
844.864 846.203 846.751 846.971 847.068 847.272 847.344 847.53 847.595 848.023 848.093 848.208 848.556 848.624 848.683 848.714 848.732 848.939 849.077 849.524 849.768 849.935 850.151 850.839 850.954 851.61 851.745 851.886 852.026 852.052 852.136 852.728 852.751 852.756 852.758 853.077 853.124 853.234 853.753 853.831 853.848 853.873 854.046 854.106 854.268 854.401 854.639 854.75 854.803 854.856 
844.864 845.269 846.203 846.751 846.971 847.068 847.272 847.344 847.53 847.595 848.023 848.093 848.208 848.556 848.624 848.683 848.714 848.732 848.939 849.077 849.268 849.524 849.768 849.935 850.151 850.753 850.839 850.954 851.61 851.745 851.886 852.026 852.052 852.136 852.728 852.751 852.756 852.758 853.077 853.124 853.234 853.753 853.831 853.848 853.873 854.046 854.106 854.268 854.401 854.639 
844.864 845.269 845.828 846.203 846.642 846.751 846.971 847.068 847.272 847.316 847.344 847.387 847.53 847.595 847.972 848.023 848.093 848.177 848.208 848.556 848.624 848.683 848.714 848.732 848.939 849.077 849.17 849.268 849.524 849.768 849.935 850.151 850.548 850.753 850.839 850.954 851.056 851.61 851.745 851.886 852.026 852.052 852.136 852.728 852.751 852.756 852.758 852.758 853.077 853.124 
844.113 844.864 845.269 845.828 846.203 846.342 846.581 846.642 846.751 846.971 847.068 847.17 847.272 847.316 847.344 847.387 847.53 847.551 847.558 847.595 847.943 847.972 848.023 848.093 848.177 848.208 848.236 848.556 848.566 848.624 848.669 848.683 848.714 848.732 848.939 849.077 849.17 849.219 849.268 849.353 849.524 849.768 849.935 850.151 850.253 850.436 850.548 850.678 850.753 850.839 
842.508 844.113 844.864 845.225 845.269 845.516 845.828 846.203 846.342 846.581 846.642 846.751 846.87 846.971 846.971 847.068 847.17 847.176 847.272 847.316 847.344 847.387 847.53 847.551 847.558 847.56 847.595 847.622 847.672 847.842 847.943 847.972 848.023 848.093 848.177 848.208 848.236 848.481 848.554 848.556 848.566 848.624 848.669 848.683 848.714 848.732 848.939 849.077 849.17 849.173 
842.508 844.113 844.864 845.225 845.269 845.516 845.734 845.828 846.203 846.342 846.581 846.642 846.746 846.751 846.825 846.87 846.967 846.971 846.971 847.019 847.031 847.068 847.17 847.176 847.272 847.316 847.344 847.387 847.53 847.551 847.558 847.56 847.595 847.622 847.672 847.842 847.943 847.972 848.003 848.023 848.093 848.177 848.191 848.208 848.236 848.481 848.554 848.556 848.566 848.624 
