seed=0
1831.55 1830.61 1831.42 1831.55 1828.56 1830.54 1827.04 1830.13 1831.55 1831.55 1830.55 1830.02 1831.2 1831.39 1829.43 1831.56 1831.55 1831.55 1831.55 1830.76 1831.55 1831.55 1830.63 1831.55 1830.34 1830.53 1831.55 1829.47 1830.67 1831.56 1831.28 1829.96 1829 1830.06 1830.48 1831.02 1831.55 1830.14 1831.54 1830.15 1831.55 1828.34 1831.55 1830.25 1830.49 1830.31 1830.01 1831.54 1831.55 1831.55 
881.079 883.68 1081.73 1086.4 1086.94 1087.13 1087.6 1089.34 1097.88 1107.21 1113.55 1289.73 1291.95 1384.77 1406.45 1412.24 1413.97 1455.74 1457.26 1461.06 1467.08 1469.41 1495.08 1502.48 1585.86 1701.16 1743.02 1820.55 1827.04 1827.64 1828.34 1828.56 1828.76 1829 1829.43 1829.47 1829.77 1829.96 1830.01 1830.02 1830.06 1830.13 1830.13 1830.13 1830.14 1830.15 1830.25 1830.31 1830.34 1830.42 
849.896 850.197 851.367 856.056 872.385 881.079 883.68 1021.01 1023.1 1081.73 1082.87 1083.83 1084.09 1084.67 1086.08 1086.4 1086.94 1087.13 1087.6 1088.41 1089.34 1093.5 1096.27 1097.88 1098.1 1105.75 1107.21 1113.55 1134.38 1136.74 1288.57 1289.72 1289.73 1291.95 1384.77 1385.03 1406.45 1412.24 1413.97 1455.74 1457.26 1457.27 1461.06 1466.42 1467.08 1469.41 1495.08 1502.48 1585.86 1599.64 
849.012 849.777 849.896 850.197 851.367 851.456 856.056 872.385 874.184 881.079 883.68 883.749 942.892 1021.01 1023.1 1026.62 1071.01 1072.26 1073.44 1077.89 1079.04 1080.21 1080.97 1081.55 1081.73 1082.87 1083.21 1083.7 1083.83 1084.09 1084.15 1084.67 1085.9 1086.08 1086.4 1086.94 1086.99 1087.13 1087.33 1087.51 1087.6 1088.35 1088.41 1089.34 1093.5 1096.27 1096.76 1097.11 1097.63 1097.81 
847.138 849.012 849.506 849.777 849.896 850.197 850.507 851.367 851.456 852.898 852.918 853.146 853.958 854.3 854.455 855.739 856.056 857.105 870.683 872.247 872.385 872.975 873.752 874.184 874.492 879.946 880.22 881.079 882.342 882.753 883.68 883.749 886.428 886.496 942.892 1017.76 1017.91 1020.09 1020.79 1021.01 1022.29 1023.1 1026.62 1071.01 1072.26 1073.44 1077.89 1078.12 1078.4 1079.04 
847.138 848.688 849.012 849.506 849.777 849.896 850.197 850.507 851.367 851.456 852.598 852.898 852.918 853.146 853.958 854.3 854.455 855.43 855.739 856.056 857.105 860.744 868.897 870.683 872.247 872.385 872.975 873.704 873.752 874.184 874.492 879.946 880.22 880.762 881.079 882.342 882.694 882.753 883.68 883.749 886.428 886.496 942.892 1017.76 1017.91 1020.09 1020.79 1021.01 1021.72 1022.29 
846.526 847.138 847.323 847.637 848.688 849.012 849.506 849.777 849.896 850.197 850.507 851.367 851.456 852.598 852.831 852.898 852.918 853.084 853.146 853.756 853.958 854.3 854.455 855.43 855.432 855.739 855.816 856.056 856.089 857.105 860.744 868.897 870.683 872.247 872.385 872.841 872.975 873.266 873.704 873.752 874.184 874.492 879.946 880.023 880.22 880.287 880.762 881.079 882.001 882.342 
846.526 847.138 847.323 847.637 847.651 848.688 849.012 849.506 849.777 849.896 850.197 850.507 851.367 851.456 852.21 852.598 852.831 852.898 852.918 853.084 853.146 853.409 853.756 853.958 854.02 854.3 854.455 855.43 855.432 855.739 855.816 855.927 856.056 856.089 857.105 858.029 860.744 861.267 866.757 868.897 870.683 871.863 872.116 872.247 872.385 872.732 872.841 872.975 873.266 873.704 
844.531 846.526 847.138 847.323 847.637 847.651 848.688 849.012 849.506 849.777 849.896 850.197 850.507 851.367 851.456 852.21 852.598 852.831 852.898 852.918 853.084 853.146 853.409 853.51 853.756 853.795 853.958 854.02 854.3 854.455 855.366 855.43 855.432 855.714 855.739 855.816 855.927 856.056 856.089 857.105 857.163 858.029 860.744 861.267 866.757 867.886 868.897 869.478 870.683 871.863 
844.531 846.526 847.138 847.323 847.637 847.651 848.688 848.759 849.012 849.506 849.777 849.896 850.197 850.507 850.626 851.367 851.456 852.21 852.598 852.831 852.898 852.918 853.054 853.084 853.146 853.409 853.51 853.701 853.756 853.795 853.958 853.966 854.02 854.3 854.455 855.366 855.43 855.432 855.714 855.739 855.816 855.927 856.056 856.089 857.105 857.163 858.029 860.744 861.267 866.757 
